001 : 184 573 486 51 12 359 944 141 878 875 665 78 663 329 1186 1003 747 56 332 746 435 1361 374 14 526 172 1328 685 13 104 1335 879 195 84 1194 1268 414 1113 453 726 220 817 925 584 1144 180 25 253 219 103 
002 : 12 51 884 875 746 1089 141 1170 1169 724 810 747 172 729 726 184 14 883 75 781 1042 1158 253 1263 374 578 908 1217 78 700 429 607 846 878 1380 896 390 1379 284 486 792 364 1095 650 925 47 1163 100 46 833 
004 : 485 5 399 181 144 90 91 579 582 542 584 6 1073 349 281 119 509 585 387 587 159 785 625 981 476 1183 707 944 586 1370 145 95 395 978 982 1295 518 1389 980 1279 962 422 1072 1207 666 486 463 546 833 547 
008 : 166 488 1189 1061 1255 236 167 1374 1315 1085 575 355 1160 259 185 1275 1011 1312 24 1252 410 541 1192 645 656 914 170 378 574 435 517 437 583 190 1254 103 1199 1026 317 1296 1242 1077 449 851 86 402 611 327 332 1198 
009 : 1032 103 943 552 625 1296 1272 849 650 746 488 1379 968 355 1391 1295 824 1147 1374 328 342 359 410 163 77 828 1102 1305 925 540 1219 708 101 357 26 575 1072 108 68 536 1180 813 130 1073 1283 368 981 1297 172 1226 
010 : 491 257 385 271 345 386 1075 1364 409 1196 798 1374 883 137 767 142 72 646 397 406 610 418 861 1363 243 802 1273 1174 915 339 1308 558 959 121 1190 130 294 265 128 865 820 154 1146 230 640 737 522 849 741 1372 
012 : 492 122 57 124 1336 1231 232 541 973 56 203 248 373 801 1381 517 695 1185 434 1192 1006 39 569 413 214 698 914 137 254 609 433 234 626 988 693 1040 469 1205 907 62 1382 364 694 399 250 680 149 475 712 889 
013 : 492 122 19 69 556 124 248 433 639 232 947 1231 292 1193 711 48 469 231 234 360 988 1192 1104 753 1218 924 443 1006 1000 1352 801 1350 441 1262 1307 1347 1259 901 230 354 373 999 1186 708 1077 1106 1285 1304 541 461 
015 : 45 102 398 549 5 983 221 743 303 1216 848 1099 270 142 756 310 144 61 748 707 524 489 21 347 847 55 784 71 555 550 754 168 763 839 1213 585 120 436 1002 74 559 387 1258 101 772 37 181 539 846 89 
018 : 405 302 493 1143 524 949 1010 1286 691 1199 616 1009 583 436 1264 332 421 69 541 110 1003 1150 103 1335 1077 1180 1250 1214 1099 1312 656 1274 328 1319 125 185 183 1098 127 575 621 236 283 259 329 1185 975 262 414 617 
022 : 495 654 72 1327 1157 273 370 93 473 1238 28 472 305 556 567 667 262 941 1356 572 1314 160 308 192 1310 177 1206 1200 25 107 508 814 1147 745 304 593 27 456 402 665 201 341 777 1156 263 557 1037 35 1242 1186 
023 : 650 624 506 543 1232 941 649 652 966 1221 1223 576 590 939 1094 708 631 1164 270 86 1289 810 1209 11 592 806 1379 387 203 245 215 557 276 792 33 742 807 717 704 1162 1331 491 112 982 1165 1089 632 1227 95 1132 
026 : 496 903 520 313 38 440 880 643 879 1099 199 853 143 468 503 594 469 1332 258 797 1183 1334 1268 526 1017 1037 312 780 1163 795 335 316 927 577 801 1242 403 701 587 713 231 1290 1260 660 27 750 1326 711 1364 467 
027 : 64 402 291 65 256 170 335 1314 439 345 265 1327 1303 1364 319 490 568 608 132 411 903 169 308 124 1228 1157 190 1102 207 358 939 334 630 209 806 178 798 1317 310 137 1160 192 1276 482 71 296 1389 570 572 1312 
029 : 462 463 1099 817 405 1340 1025 1027 890 981 1065 1043 982 542 762 1024 1127 691 586 761 524 949 1269 82 822 1096 1322 862 877 1305 1011 866 1312 108 1376 378 553 1010 509 609 1097 1117 716 1072 259 559 461 596 1368 302 
031 : 106 93 326 869 1286 849 814 1043 494 1006 528 231 1301 1112 1037 1259 468 1255 1358 927 1280 918 384 1246 803 234 1124 248 878 1188 1400 161 652 154 233 142 111 1063 802 1243 208 922 1108 745 410 1352 1113 372 1197 25 
032 : 106 336 1036 326 1108 916 700 849 1281 1301 372 714 154 1149 1197 494 1243 231 814 445 528 148 801 577 1304 279 1037 641 1259 992 61 930 269 1043 1276 652 527 233 320 1358 981 196 601 410 607 1235 1393 362 1396 25 
033 : 492 248 197 106 1352 56 69 1005 360 231 124 234 57 1231 801 1006 354 1192 988 154 232 122 1262 1114 19 1304 1259 225 421 196 947 927 1104 1350 922 48 58 688 312 1124 802 567 708 468 435 1301 373 1112 1307 541 
034 : 706 714 237 1346 987 82 1279 222 1309 1331 1000 1119 713 270 286 927 1260 44 260 402 1005 1291 482 93 860 27 297 446 152 1347 1348 842 1242 732 586 442 164 12 69 1295 1219 261 1052 594 868 61 1296 1294 1135 328 
035 : 500 268 88 450 87 407 270 1008 396 1371 584 26 1106 112 416 267 877 607 966 1097 104 95 408 1149 1273 993 860 265 296 44 190 963 269 300 636 1177 342 1247 158 968 477 1154 114 102 490 981 1348 864 497 11 
039 : 502 271 68 686 302 343 377 1007 578 81 628 96 411 1385 413 663 342 538 1237 1263 1156 1264 1011 340 1176 1051 421 1337 1026 17 508 1004 562 874 1199 292 334 883 860 947 1212 195 1159 24 63 1157 297 441 1161 238 
040 : 254 81 153 50 413 125 348 861 307 565 306 55 16 207 62 74 1298 66 346 61 71 377 562 120 378 140 474 406 525 260 165 547 1365 980 623 72 398 610 381 1212 21 655 962 261 994 1251 1195 606 546 328 
041 : 892 718 130 1259 899 1109 708 1272 798 530 14 753 1151 1287 698 1112 1197 237 586 11 141 1275 977 919 879 185 74 1064 905 28 64 1104 955 1289 1103 903 202 815 906 453 166 1111 640 137 917 749 444 1369 1284 33 
049 : 756 46 883 47 1361 51 724 1362 12 612 650 102 374 1034 884 738 1217 727 1170 157 869 75 334 833 781 875 729 723 1015 583 837 1088 767 1204 1294 81 274 280 1317 439 1300 85 1246 92 55 182 202 391 728 238 
050 : 215 578 277 214 213 121 216 772 212 511 588 1288 134 989 11 987 1202 409 945 1367 455 658 97 426 1243 1228 138 345 358 482 1329 988 647 576 170 589 1030 172 540 990 969 973 37 573 592 434 352 241 661 288 
051 : 382 568 611 305 145 307 4 629 96 348 1355 180 21 547 389 1278 135 3 732 346 525 306 664 1076 326 1365 1200 610 412 72 527 848 376 562 327 148 381 1325 8 310 1302 570 936 50 308 1109 260 931 788 861 
052 : 1176 512 752 251 679 1293 680 1031 803 833 1035 674 224 42 888 215 247 1124 682 513 1362 367 916 683 1188 1266 189 521 256 76 147 677 1320 279 440 798 451 613 601 612 135 923 36 1131 919 1178 485 1 474 596 
053 : 367 451 674 1048 752 906 981 503 1362 1130 864 235 683 39 803 251 840 1050 781 1311 704 226 1342 677 612 967 680 1131 247 485 1207 27 1075 698 596 250 727 921 13 758 97 246 833 521 777 1380 395 675 1027 916 
054 : 465 612 250 420 146 900 513 601 901 561 514 464 222 683 334 803 200 1005 752 147 211 1218 787 544 191 796 225 545 776 1034 1107 26 226 1267 797 1229 235 674 1300 879 757 688 816 435 682 852 680 699 52 749 
055 : 513 250 633 1058 1197 935 683 601 752 222 45 545 791 925 420 191 680 901 465 898 577 466 921 1070 1186 147 247 938 605 432 289 126 923 464 1208 230 895 801 918 19 919 60 229 1188 1111 520 1089 916 682 1305 
056 : 751 1209 1153 228 1245 362 1082 918 895 551 916 68 749 247 698 860 1292 15 424 1339 712 885 845 743 1085 1320 1400 433 1325 1390 1350 1370 332 1341 158 826 442 920 844 1067 454 1276 284 1171 1398 1129 1336 573 1393 391 
057 : 752 250 1186 468 1259 382 901 921 230 247 601 683 1215 134 926 877 919 467 941 922 513 714 147 599 898 885 1038 1355 289 1272 686 918 1197 916 848 545 920 1087 1060 52 287 313 1112 791 665 1074 1266 739 273 442 
058 : 516 141 431 252 795 672 800 1163 714 904 713 799 598 812 1153 1350 1162 1349 76 808 1243 1062 78 594 1154 755 1074 876 791 1106 1001 638 311 293 1357 1155 1158 792 230 809 918 1358 790 546 1336 1170 280 759 631 9 
059 : 516 795 1153 1243 1350 431 1062 280 594 175 141 1305 904 1074 672 1341 598 610 1155 1142 799 800 714 618 198 233 520 1353 230 252 188 182 1229 430 256 809 179 1211 876 1154 927 971 1092 40 999 37 421 466 993 856 
061 : 319 1208 1189 1160 1276 875 488 1327 654 1203 1389 1314 1084 925 166 1244 75 310 913 209 720 207 190 1312 1234 1288 308 159 1103 132 665 297 169 517 515 1322 745 1245 998 724 161 1061 101 1318 156 1077 865 170 151 575 
062 : 168 123 1222 281 387 398 1004 319 959 975 565 518 353 550 269 74 1180 1299 303 963 1086 1215 34 546 55 1160 666 144 84 7 1192 343 1252 347 333 71 72 623 773 1142 661 1367 1249 175 1381 526 348 306 870 21 
066 : 1311 186 409 283 606 979 950 1229 69 947 234 48 223 345 461 1231 1116 571 1306 952 522 126 1213 311 1352 277 121 1074 469 230 999 176 1307 891 714 635 195 482 1225 207 30 110 1106 655 923 470 743 1285 519 530 
067 : 536 1211 24 1152 154 710 182 89 1141 1279 17 294 25 446 558 1201 1238 796 979 36 976 40 1278 1183 723 433 57 233 800 338 1373 1368 7 531 1391 279 272 373 1196 79 19 1205 228 43 418 610 670 525 1292 166 
068 : 43 536 1205 1257 346 293 272 1264 1211 1278 41 182 505 337 418 330 1383 996 655 992 79 1155 265 113 7 1220 933 261 1215 623 24 40 180 37 133 8 96 1284 207 171 959 668 11 314 1055 358 526 664 187 1188 
069 : 536 1205 43 272 1152 1257 346 1141 1158 1080 293 41 558 1264 655 330 37 1183 154 976 113 17 1368 1196 1211 418 525 182 979 171 1278 89 446 85 505 11 409 563 996 992 862 1201 186 79 25 881 804 571 7 520 
071 : 289 1152 520 433 288 229 1141 1277 432 927 126 879 154 434 464 549 1196 901 1191 1342 1305 225 1091 446 1340 558 527 222 714 675 1243 420 678 643 793 1202 278 1183 799 85 60 284 513 89 1140 230 279 17 601 656 
072 : 521 526 440 496 503 468 469 1267 31 1320 1265 26 819 901 439 318 797 1228 465 467 464 211 634 121 545 680 452 903 989 312 774 735 1112 922 39 70 900 920 685 484 593 194 278 38 1343 404 569 106 1249 627 
074 : 469 194 467 1070 496 503 468 404 903 440 312 201 313 130 526 121 936 848 122 1194 885 919 877 1320 39 687 1087 1197 1384 521 1210 916 685 1074 283 492 235 193 1153 1329 1387 1366 572 752 879 1248 706 703 480 736 
079 : 1190 943 1148 1160 103 108 862 1312 1199 357 325 177 367 1031 1226 1374 1228 1296 1185 849 515 102 760 317 1245 126 63 1032 307 257 611 1269 625 1216 231 1147 730 405 840 328 1072 350 1090 746 876 1310 1286 169 1171 67 
080 : 525 305 540 26 1395 570 37 1253 310 1200 84 353 1299 123 573 625 323 1311 63 355 333 667 1185 308 274 655 192 572 480 1159 334 983 1002 1199 329 666 537 1241 571 569 327 1305 553 364 1076 324 124 98 568 645 
081 : 353 305 525 333 1185 540 260 655 983 84 1159 123 303 1366 355 37 670 1241 553 645 623 120 274 480 1395 572 270 1200 662 509 295 1158 981 1002 142 347 1394 666 21 1213 398 12 364 378 570 584 571 338 577 784 
082 : 525 568 327 570 305 304 1200 308 310 180 26 25 323 573 1076 663 389 1299 1253 540 1311 412 260 572 63 98 307 386 329 537 306 9 1395 133 332 135 192 345 1276 361 571 1157 1370 267 334 1121 629 124 1235 664 
083 : 526 440 683 638 392 655 797 1228 879 222 633 880 876 712 334 1169 327 685 1343 468 1300 1251 625 39 38 795 521 675 924 451 708 1320 798 801 368 796 214 313 792 503 469 200 121 969 1341 439 141 1338 1224 7 
084 : 320 527 321 1370 150 832 366 349 365 15 1235 553 476 374 854 537 356 61 107 94 943 833 478 269 16 452 1108 1081 1302 59 157 648 377 375 502 111 1259 987 1365 246 499 131 376 1053 631 493 271 1240 1055 417 
085 : 326 273 192 801 124 337 802 494 410 1259 528 123 233 1112 435 414 922 541 329 248 25 27 925 161 550 1191 566 947 1301 353 332 1274 1189 969 468 421 336 1319 493 231 186 106 815 1352 710 1213 225 992 1310 838 
086 : 326 528 494 106 1213 925 23 261 1214 142 1281 192 273 265 1048 233 1112 997 922 75 248 1259 906 25 94 802 1391 329 251 105 1334 1332 1301 1394 124 912 969 468 336 456 1310 260 801 523 1042 36 254 96 306 10 
087 : 550 326 21 265 22 1215 906 1214 251 1334 1332 306 528 260 629 96 254 1204 925 1191 291 1391 329 645 1383 1281 534 997 36 1104 142 176 75 628 798 882 170 122 121 1192 961 989 441 17 813 1211 182 1245 440 8 
093 : 208 437 1221 298 407 524 269 61 22 1236 531 1253 1139 297 267 296 967 1273 469 33 436 978 112 410 1161 228 408 1238 653 490 571 1255 447 268 607 1249 34 448 663 1189 488 655 370 1351 449 665 1162 104 402 270 
094 : 123 979 1001 1300 58 1307 84 1065 784 555 666 310 651 1284 1213 44 354 789 175 366 570 305 1112 554 211 626 365 522 1107 525 546 1292 338 423 999 274 357 303 707 754 332 1066 605 1192 358 1263 690 142 1000 1204 
095 : 251 376 17 460 389 1214 798 241 1185 377 906 265 1301 637 1302 445 1376 375 81 990 73 1241 440 1331 350 87 1105 754 1294 596 3 425 348 775 4 701 1072 352 16 326 941 336 404 961 305 152 1078 135 96 1042 
097 : 753 1331 14 783 798 1105 1339 634 441 1078 878 251 1057 461 1336 638 637 391 52 30 899 1272 627 1209 1275 685 1290 444 202 25 675 811 1196 1285 1338 232 380 712 680 871 749 492 856 1008 486 704 711 1298 701 1330 
098 : 753 1099 1338 747 856 1296 999 810 444 1339 380 925 1111 1181 634 878 1290 879 857 285 899 202 1268 864 777 744 1371 317 475 880 272 1008 1272 766 391 916 52 23 231 643 15 442 362 245 894 1207 258 390 82 132 
099 : 754 789 788 120 270 509 785 387 786 269 596 1159 776 873 408 398 539 158 1348 1112 1192 934 260 850 784 1084 564 851 1362 974 787 1307 842 23 599 1359 963 812 962 801 88 61 897 524 435 646 888 635 534 166 
100 : 382 842 786 1123 1033 1176 785 1055 789 855 149 1154 381 744 1084 383 839 734 912 854 1359 932 292 221 105 898 629 23 646 1054 539 104 1038 398 661 801 891 533 1171 1384 784 864 1116 457 523 1022 1256 642 116 261 
101 : 320 321 527 107 150 1073 478 1235 300 476 677 72 11 639 1372 1192 1083 1377 131 1384 350 34 606 1240 364 452 23 833 730 585 733 369 1329 1273 383 1200 336 513 352 370 1388 1053 1071 537 1386 1220 49 1219 55 641 
102 : 539 854 333 566 564 435 1258 1176 789 1213 467 120 352 283 267 754 1192 1307 144 23 784 1081 483 635 565 1238 845 651 347 553 1002 1146 979 559 122 533 779 912 1178 861 554 659 302 1191 81 452 1359 1263 628 98 
103 : 1383 459 483 788 785 381 255 457 148 105 1268 485 803 452 533 967 787 1215 789 1370 659 1210 962 116 664 1149 977 562 689 515 802 478 1381 451 157 731 943 819 1258 1262 981 218 191 117 1076 155 389 150 1394 573 
104 : 1045 1118 435 839 900 1074 420 204 1077 1171 676 891 566 879 954 1046 1337 1256 1338 605 678 287 1381 1135 1121 783 1336 291 932 567 1130 1229 1191 843 1106 1051 794 795 793 812 1339 428 629 638 757 1151 158 205 1081 1177 
105 : 390 719 486 834 914 894 277 627 1335 1008 311 1000 391 1053 1252 238 410 643 1015 52 1107 15 441 878 110 1139 634 928 70 1111 345 236 1024 520 442 648 425 213 1126 879 92 876 999 948 285 833 908 227 1298 202 
106 : 3 388 180 664 4 1311 1355 1237 389 1276 1106 569 525 406 400 1200 663 629 655 305 412 145 22 382 1107 1397 1400 306 21 1227 1386 310 348 165 1225 1370 133 327 1371 970 155 326 484 134 74 308 636 62 694 96 
107 : 128 629 305 366 1206 191 1251 664 389 329 144 306 1370 310 1182 365 418 149 1086 1250 1039 116 460 832 299 63 1198 375 1265 198 1081 324 97 1085 98 453 4 73 1072 1311 180 1083 977 475 388 537 398 255 3 50 
108 : 3 180 664 4 389 629 412 1397 306 116 419 388 400 1107 944 382 1400 72 1106 21 155 784 568 977 1237 121 61 126 327 324 104 1276 22 23 381 50 9 826 1267 345 538 260 1220 1121 785 861 308 570 1048 255 
109 : 628 339 254 337 480 689 338 343 1205 364 1240 773 1266 774 565 365 662 1200 433 1100 48 543 1158 125 310 1263 1195 1183 661 344 194 1072 878 1002 25 438 865 552 1248 635 1155 352 609 350 707 397 690 272 1298 127 
110 : 128 264 111 306 664 540 394 561 648 1138 381 559 527 750 1043 460 292 1297 105 299 131 1200 190 256 323 1375 104 399 327 365 1383 310 1053 1312 941 366 1193 14 1109 149 940 304 754 1149 1210 180 671 383 538 1182 
111 : 180 320 540 327 1236 1311 502 359 104 349 435 365 1260 1186 300 397 494 1054 939 591 3 304 62 940 111 4 28 843 325 573 1253 663 400 526 611 1046 57 831 1375 457 394 645 570 889 479 124 475 577 255 527 
112 : 26 1299 570 305 540 525 323 1253 63 573 1395 310 308 1200 537 327 192 572 124 568 1076 333 304 663 494 1311 25 329 666 667 625 307 256 409 19 455 334 1209 670 134 37 1279 68 345 170 939 1158 1310 418 1204 
113 : 1395 63 630 1313 992 416 537 238 570 25 333 1299 573 1195 1214 1188 663 139 799 189 26 244 667 941 540 310 666 762 1191 225 315 305 371 567 1082 670 79 1078 1218 846 1364 525 323 1352 980 572 1084 1080 1394 122 
114 : 332 541 573 625 577 1296 359 488 517 1305 860 552 1010 1295 1247 1073 572 160 166 24 259 925 167 410 1017 1374 1201 101 1061 575 969 103 574 556 1288 456 521 1011 1197 304 1112 1241 518 217 486 168 1252 665 56 42 
116 : 26 1142 1153 68 625 1161 372 1099 1143 516 997 167 1155 573 1295 608 1003 809 364 141 184 493 1303 430 283 280 656 272 514 695 1305 594 317 188 755 1158 185 569 575 56 179 122 431 51 609 1204 747 355 327 603 
118 : 324 1395 54 55 630 584 1146 645 323 50 1393 1099 559 303 81 629 1161 396 983 306 73 959 565 1372 387 872 524 91 394 585 352 328 438 339 437 82 398 366 353 1236 325 1159 1386 670 84 1215 35 389 951 329 
119 : 666 389 962 630 1076 667 474 328 1007 565 81 1374 115 307 475 1395 460 1226 1198 170 62 1154 671 1027 981 1378 1394 55 803 967 562 318 1072 485 171 9 1367 664 43 833 50 976 1157 944 5 90 1158 537 1295 523 
120 : 1395 1264 329 139 667 670 347 175 223 537 714 668 345 1228 630 572 238 1049 845 1391 438 1151 187 1394 214 1205 315 1367 504 460 688 1224 170 1191 371 469 103 1299 526 343 949 1313 1302 25 291 272 927 182 1216 1187 
121 : 543 589 590 237 588 592 426 216 138 576 1126 214 935 591 578 772 822 1102 1368 215 764 985 769 1043 739 418 928 757 213 581 1171 1093 986 1168 990 1059 850 938 487 1318 382 1354 1160 741 330 962 753 1067 1372 345 
122 : 544 755 597 748 203 199 1066 567 251 1314 814 670 516 714 813 708 1335 600 287 781 556 1076 1074 746 360 688 790 594 372 19 294 800 307 347 1002 917 327 1146 749 56 36 572 1272 84 441 760 99 599 245 52 
123 : 544 251 813 546 441 790 878 597 1335 301 622 168 1113 755 203 606 748 1019 287 1066 536 599 595 917 879 875 792 1378 727 127 640 947 158 869 99 1095 704 814 107 1290 262 1020 717 199 1018 866 1032 120 958 1022 
126 : 203 631 672 714 799 652 752 256 544 755 264 445 468 597 1287 904 634 140 671 1153 1163 247 594 206 1354 245 312 1154 316 230 78 795 76 221 598 679 249 603 372 609 382 772 676 1066 1142 1188 265 1150 1325 911 
128 : 678 676 1334 632 250 674 1339 465 247 1332 783 811 1246 1074 638 698 206 712 204 1343 924 1337 781 1289 1306 203 503 1229 226 918 637 683 1075 752 901 920 792 420 704 803 779 677 699 246 671 793 1 879 1243 794 
130 : 898 1275 1196 680 753 224 512 1141 428 1058 633 1070 282 938 1230 935 233 1060 19 380 514 601 931 52 1029 286 909 951 1021 1059 855 370 347 513 97 122 385 936 236 937 930 899 124 871 1001 942 232 509 1053 1202 
131 : 294 522 21 378 17 555 142 554 546 337 398 101 1281 861 872 376 19 72 1104 1192 981 295 36 1185 254 538 559 539 873 553 95 354 1241 651 947 606 1214 959 343 135 120 661 122 575 1323 1268 261 283 145 137 
132 : 184 1287 710 80 418 1155 84 1350 314 795 182 1211 315 293 280 526 7 800 199 1170 516 610 207 272 377 933 9 337 714 594 553 431 558 719 809 910 1154 1163 125 89 876 1153 1305 755 154 874 294 1325 123 311 
133 : 755 594 790 431 544 1290 188 179 516 1066 1305 1155 280 879 1074 600 714 634 598 256 60 795 214 1113 719 597 78 809 141 1158 372 99 1269 876 455 1001 251 969 1163 76 1153 443 800 430 42 1170 295 545 1151 84 
135 : 1267 1228 26 707 301 134 547 439 1198 327 797 1309 191 310 625 880 572 803 1157 71 736 465 440 25 667 788 334 526 655 570 231 495 1191 1236 58 1260 1272 308 520 1234 187 193 318 1295 1140 1248 1186 612 1107 455 
136 : 617 613 616 548 622 615 619 621 614 618 1150 958 510 162 163 275 1161 436 719 1348 1324 143 620 691 1391 1166 969 448 554 983 1244 1103 164 1345 1011 992 1000 1255 449 624 1291 821 302 218 211 718 85 357 882 1232 
137 : 879 757 1338 801 793 632 52 440 924 797 685 250 916 917 1290 638 226 796 465 795 919 663 252 466 674 468 682 137 464 612 313 467 526 637 1341 38 752 679 200 503 699 711 222 420 291 681 880 1011 918 1186 
138 : 265 1187 358 291 655 1228 71 311 1257 892 1216 1106 504 1093 1276 334 663 793 293 1364 406 1367 411 890 294 63 457 416 124 630 394 757 439 461 487 798 1281 568 1311 111 979 569 527 335 316 55 1264 276 1395 455 
139 : 795 431 252 879 316 924 516 672 799 800 1153 925 468 885 526 610 315 38 440 1093 1154 520 503 141 880 876 1341 923 1062 1362 1338 801 214 496 313 927 469 60 1169 197 233 1243 780 1350 1074 1075 918 904 124 312 
140 : 807 758 806 810 809 1331 1247 870 1252 317 178 783 643 515 808 811 804 726 790 683 141 1135 753 1093 221 719 805 834 414 1293 880 915 288 1124 627 329 244 1243 588 1147 184 355 444 945 523 1246 1086 836 220 1380 
141 : 635 691 68 1241 461 232 93 923 1315 421 1100 520 1336 1143 1374 695 853 144 577 1062 1394 1269 234 1285 689 484 645 628 1092 1226 1335 1072 494 1205 355 585 1157 1238 552 295 36 1204 686 1208 572 1009 865 19 1254 1353 
142 : 1393 559 983 283 1161 438 524 1394 142 84 1099 1104 501 366 101 1348 365 670 1213 555 553 323 537 635 294 295 662 1002 36 369 24 123 564 35 522 303 1159 1253 1395 387 668 509 571 1040 329 354 398 493 1307 272 
143 : 635 1002 662 690 1395 283 554 1258 1158 1191 628 101 553 689 1106 954 1104 1394 564 1393 1204 1161 1099 370 36 1213 398 295 1074 546 142 497 465 572 123 556 1178 496 524 566 55 789 1263 21 260 1200 549 655 959 1192 
145 : 637 698 699 803 465 779 1339 247 288 250 705 1289 1332 680 700 920 1334 1333 712 674 1272 243 1243 632 791 1246 669 1305 921 701 683 704 678 200 638 226 1280 924 601 903 74 362 682 711 1197 1259 681 431 1155 901 
146 : 1331 882 1289 779 1270 783 953 906 728 251 781 701 790 702 884 265 273 440 495 810 1214 948 187 78 860 14 1391 421 286 654 824 1334 76 807 1332 1006 508 556 725 96 1260 1105 698 859 102 552 1327 122 557 204 
147 : 638 673 1343 1091 1095 1211 1356 685 182 222 747 631 1332 1328 521 969 200 1393 634 880 433 1334 1064 792 1169 368 311 125 1285 465 790 1089 1163 683 1373 1246 1385 114 704 772 1380 712 797 1162 189 9 711 1279 758 206 
148 : 639 716 715 67 1348 719 983 944 717 164 982 153 69 1379 1345 958 163 553 499 77 1141 32 1203 1274 1319 1344 1313 82 83 274 1028 617 740 1346 619 183 1000 979 1330 368 1391 1393 1106 506 1375 143 112 436 302 552 
149 : 1171 1126 1122 760 1067 822 741 743 1118 885 740 1069 1051 1013 739 1070 1172 897 1123 1131 953 887 769 1068 1117 928 951 956 763 1119 886 1017 932 930 824 938 1052 853 849 934 1145 1050 1133 1071 935 843 823 839 890 826 
150 : 817 819 823 760 818 1119 837 825 820 1030 1025 767 1023 1014 1361 1122 195 826 1026 1121 867 1067 824 532 740 836 835 284 840 870 1015 938 863 462 599 1031 130 1059 790 692 13 1013 1132 693 95 1035 694 762 1136 843 
152 : 910 1007 729 1289 913 1331 1290 132 720 998 516 1001 27 286 287 728 860 446 834 713 783 67 1015 827 766 100 289 231 11 1092 853 711 1296 1035 204 143 1065 313 1006 1294 862 1363 594 1339 1268 858 60 588 482 1111 
153 : 761 1050 1214 1126 906 1048 251 1049 951 956 265 1127 1027 483 1359 669 720 1211 770 1174 182 35 1069 411 1034 1369 826 1038 31 1146 533 1128 96 317 1119 882 824 122 1205 771 1023 1253 1026 441 161 1196 925 1051 440 1190 
154 : 762 910 840 1177 744 462 837 835 824 1023 821 1055 1024 863 51 957 866 825 833 1117 819 913 760 897 836 817 644 818 1363 870 29 1029 1098 1054 938 1034 1031 739 826 1136 1057 1330 743 1122 955 1019 241 1178 1316 734 
155 : 848 764 847 953 846 1067 763 743 1126 1037 1029 739 1071 1036 886 839 897 844 887 841 769 955 1171 1039 951 1070 854 1051 1034 1042 890 1026 1129 853 935 885 407 1118 741 1013 821 1038 1068 765 1123 740 1018 1172 47 1017 
156 : 953 848 847 1036 1042 844 764 1038 728 846 1037 739 1043 1126 1070 935 42 1118 887 1039 552 886 1171 594 1040 743 723 955 910 719 908 954 898 911 878 931 890 1052 930 849 909 1071 1129 832 740 1158 1044 544 52 845 
157 : 640 909 725 883 720 870 12 220 836 29 724 729 898 802 911 1039 184 834 1051 882 497 658 1360 137 102 1192 581 345 1012 1035 722 253 100 202 906 884 997 1124 1146 1362 878 221 1165 30 804 839 280 762 47 1363 
158 : 75 884 724 726 720 909 727 640 768 721 723 881 837 92 1208 722 883 1276 951 865 100 13 882 834 860 1045 1041 743 47 658 1012 866 862 224 1244 1117 580 835 31 151 867 536 729 767 1024 1294 742 725 874 1030 
160 : 1008 31 5 711 391 886 627 859 51 864 982 877 66 509 390 285 726 715 658 729 728 1305 29 709 434 486 894 978 707 1178 911 948 95 858 1361 720 1379 857 606 860 856 1348 158 635 766 981 1387 13 899 727 
161 : 862 15 1131 769 1387 915 1013 642 1071 1117 1173 412 935 761 760 932 957 400 742 1026 889 1020 245 843 890 1398 1032 1396 888 1172 897 1053 1035 424 885 744 1060 1120 857 856 1017 1037 827 1126 1069 275 951 1177 1023 408 
163 : 894 1008 864 390 1131 392 285 1400 857 856 627 686 728 391 1392 15 1111 858 948 914 766 1026 890 593 822 859 889 736 1058 658 880 899 843 634 1387 1272 425 31 749 1042 202 29 1060 735 1145 1172 1031 1133 878 1056 
164 : 641 1045 647 735 736 422 955 730 840 854 648 1054 392 733 1175 284 936 700 424 1396 400 734 342 15 403 1060 1119 821 1013 1123 765 131 644 1120 1387 454 1138 831 1137 856 1130 732 1398 527 731 1355 827 389 1235 761 
165 : 265 704 708 638 716 815 780 360 748 1272 1162 52 709 1163 790 801 467 1340 33 702 197 440 685 812 1237 14 876 927 204 856 746 567 439 594 969 214 1339 391 1349 753 1336 1153 1290 593 70 627 687 347 1156 141 
167 : 918 895 919 1392 780 551 315 597 395 313 632 924 1333 1207 712 779 201 1337 230 200 544 879 670 916 685 640 1266 589 1293 216 433 143 1111 545 164 147 676 503 1362 316 923 153 647 1152 202 221 441 1290 728 883 
168 : 184 13 320 422 875 864 540 486 746 1013 1008 14 390 284 12 246 1311 831 1361 154 577 509 180 1362 260 359 371 833 81 642 847 1031 1253 144 62 140 327 65 141 502 494 782 57 789 1068 1400 243 66 940 838 
169 : 1106 1038 522 272 384 759 642 605 186 1305 48 1135 1256 927 1293 955 136 1171 1 854 1307 1243 512 279 1067 1218 751 1117 1093 702 758 848 763 847 1089 545 708 1118 53 505 1064 801 1145 1126 885 932 1123 918 711 243 
170 : 925 999 1304 1285 122 440 1001 197 1162 1115 492 360 688 673 907 1350 196 1164 384 290 64 906 229 230 1095 203 434 222 1208 1328 927 947 204 252 234 1186 1334 1332 1075 164 1163 812 60 679 814 1218 605 1027 1262 600 
171 : 803 229 923 1062 520 1074 924 1075 246 230 925 1243 672 141 599 431 204 809 1092 610 66 233 638 1093 1089 252 545 1305 434 1164 516 688 1350 634 235 225 791 172 799 811 650 1153 795 993 360 289 1265 1079 484 815 
173 : 1132 897 1034 744 1331 1055 1024 953 1035 938 1131 926 831 1069 1133 1068 1033 928 781 1362 765 1116 168 833 739 1046 1359 1122 515 1371 451 1145 533 1020 863 1170 1129 846 1056 1062 58 1270 1051 1176 957 1177 1054 565 241 470 
175 : 769 887 1146 890 885 741 1145 1122 897 1070 1172 886 888 760 891 1068 937 764 926 1117 765 889 953 740 1116 831 847 852 642 763 935 846 843 1126 854 1123 1177 739 31 400 1048 932 1051 956 898 841 1173 742 1067 1071 
176 : 1146 769 888 887 1056 890 31 837 580 742 1117 875 767 842 1084 1127 1116 1024 658 935 925 1173 1175 741 885 891 886 586 1030 1122 1178 743 1134 1012 601 844 468 817 707 1234 588 932 159 1026 42 75 428 616 592 833 
177 : 898 1070 938 931 935 930 743 1171 841 934 78 957 1117 1130 1071 1058 1001 951 1288 1145 347 514 668 1172 371 929 1337 1067 739 1059 1118 953 1129 1306 442 937 1285 843 1068 829 19 1132 251 915 670 1230 1287 337 513 889 
181 : 941 1360 387 1221 775 112 389 917 206 742 394 147 351 537 376 967 244 1316 34 227 701 530 1078 740 1270 345 879 1083 395 1222 361 305 504 270 186 901 417 460 410 81 798 383 491 128 950 152 145 1375 131 99 
182 : 941 898 516 938 78 1070 1288 514 442 1001 931 801 389 957 598 1287 371 1231 469 183 1230 1274 1084 656 139 935 347 930 1306 933 372 230 901 504 1222 575 808 934 1395 387 668 188 600 795 184 295 569 625 206 112 
183 : 1083 176 997 993 1093 1350 970 409 245 925 243 696 1074 971 610 1349 519 1292 1075 1062 969 697 695 1352 137 923 1243 973 131 350 1227 1265 791 725 1195 924 1096 772 904 173 1151 121 694 711 909 188 672 520 179 177 
184 : 1326 1288 974 1083 1095 773 1265 397 1169 711 1237 387 254 1163 368 374 61 1283 1322 994 1329 337 308 490 451 1328 340 1094 367 579 507 228 697 338 398 628 1200 310 125 1109 1113 1060 969 1223 389 355 942 638 265 278 
187 : 5 6 582 869 687 587 981 91 944 1024 75 12 639 1311 459 1317 829 158 570 585 93 586 606 1148 719 1392 1291 1375 1207 264 280 1063 276 1346 258 28 670 518 887 1074 1056 837 914 1330 472 143 1118 1123 666 341 
189 : 945 745 1063 92 1087 1388 762 1246 648 1043 988 429 1219 1286 328 1217 506 987 248 1294 111 704 637 989 834 12 836 606 195 1124 529 321 869 493 592 1061 453 425 374 746 1170 435 876 519 578 747 986 266 113 36 
190 : 945 988 989 985 987 404 741 336 314 143 278 427 1310 990 527 215 68 1279 367 97 36 73 368 1036 872 180 148 751 86 764 1360 1182 1281 256 1276 1221 445 1149 298 362 753 660 870 1100 12 1277 680 4 700 610 
196 : 948 859 1008 5 391 729 864 766 627 285 894 858 390 66 711 31 434 982 728 727 856 90 886 75 658 899 857 606 251 634 1162 51 486 15 29 500 877 753 419 749 709 725 1339 746 509 1379 1147 546 1322 408 
200 : 1021 950 1023 1025 1022 1026 1012 1017 1018 1029 952 1015 330 1014 1019 1028 1034 955 1020 1013 1030 951 1024 1016 1125 1292 287 1032 1027 912 1118 871 1049 1066 1132 1075 928 1213 286 1317 1363 289 1031 16 821 1035 167 764 78 781 
201 : 1026 1021 1023 1029 1017 950 1013 1052 1030 1018 951 1020 952 871 1146 1027 1012 1025 1028 761 1022 1014 1024 1031 833 1019 1035 400 743 1015 1050 760 1034 31 1400 1121 1359 838 550 957 830 1396 767 1214 823 1122 827 863 866 1314 
202 : 1026 1023 1029 1021 951 1013 950 1030 1028 1018 1020 1017 871 1027 1012 1025 1052 1019 1022 1014 1146 1024 1031 952 833 1035 1214 1015 866 760 743 1034 761 31 1016 932 935 550 957 820 830 1396 887 823 767 863 1269 1122 1070 1358 
203 : 866 951 1012 1023 1026 1021 1017 1029 1028 1013 31 1035 1030 517 1024 1015 1020 1014 743 313 1052 355 964 1120 640 871 1031 1027 1018 1309 835 950 566 909 232 883 725 689 1022 96 195 886 400 1237 1178 572 1056 833 1025 739 
204 : 1026 1023 1029 1021 1030 1017 951 950 1013 1012 1018 1020 1014 1028 1025 1022 1027 1019 1024 1031 1016 1015 1120 1034 871 1035 1052 1067 1146 821 820 833 866 31 739 932 952 935 822 1214 928 887 848 1396 823 760 767 863 47 1070 
205 : 1021 1026 951 1023 1029 1031 1033 1013 1030 239 1020 1017 1034 871 891 139 1027 1012 761 1028 950 831 1052 1125 829 1014 550 1022 140 915 1018 1067 1024 957 774 1070 318 833 1025 175 10 1139 223 106 1131 1015 1117 1227 952 521 
206 : 952 1023 1026 955 862 853 1034 1021 847 953 1052 1326 1171 850 743 897 1032 1118 1068 1126 1172 1125 848 1013 854 1038 1363 950 934 837 740 1035 836 1017 1145 928 1048 826 1024 1123 760 887 1288 1067 763 1175 841 279 1025 1136 
208 : 953 847 897 841 848 764 887 846 844 769 854 1171 1038 763 1068 1123 1172 740 1173 765 885 850 910 742 851 1036 1042 853 955 852 760 890 926 1070 741 1129 930 935 1118 1037 826 728 839 1039 1034 1066 913 886 1051 843 
209 : 897 847 953 763 848 1038 764 887 846 844 853 1171 955 841 826 769 1172 1068 743 760 1048 850 910 1122 854 956 1070 740 1034 926 1129 1123 1118 1132 1039 1173 765 1066 728 42 1051 1067 742 1036 913 886 162 441 819 1145 
210 : 954 1045 1038 890 576 31 887 1046 769 909 839 581 870 725 95 848 497 834 66 838 726 955 922 840 374 720 915 30 837 13 329 1202 1012 729 256 657 836 195 862 1015 1041 508 75 762 580 51 29 1362 835 722 
211 : 1058 1043 957 851 1038 735 930 424 852 1135 736 1059 887 890 953 843 897 938 830 836 889 886 885 1129 831 1053 742 12 1145 740 837 258 828 1173 1387 1044 1015 741 728 1123 1137 765 841 850 1392 1171 840 1177 760 1214 
212 : 954 887 769 741 890 576 1136 1042 1135 1175 827 1125 953 1071 885 1134 897 1038 841 854 765 1201 301 1009 935 922 374 1123 870 1068 763 852 843 531 851 665 1067 839 889 1173 740 227 1093 1219 1247 927 1172 742 1171 164 
213 : 954 1042 930 953 1043 955 763 1051 839 1052 1171 1044 743 1174 885 1294 1070 1129 741 887 826 890 1123 765 841 1135 1068 1145 1071 828 854 843 1137 851 935 897 581 195 852 769 412 889 1360 1038 1041 1118 421 279 736 938 
214 : 955 1045 763 839 840 1126 743 1363 1051 838 1022 641 854 236 1034 847 1037 1053 740 954 1054 1175 730 1176 1134 1340 198 1360 894 699 926 128 810 848 337 1042 846 928 827 1225 640 1024 996 1252 856 642 680 953 736 841 
215 : 1045 838 1051 1046 763 955 1126 641 839 1118 520 827 1176 915 823 1359 851 928 1171 866 829 1123 848 1310 1130 863 1048 441 744 765 821 647 1396 1081 435 1121 261 932 1119 635 884 1177 956 251 69 1022 42 1044 533 1122 
216 : 955 1045 763 839 1176 840 1130 932 954 223 854 1052 641 1046 1359 1146 1051 1022 740 838 1175 1363 926 888 1177 741 482 742 1307 1120 894 743 1301 883 1121 1042 1081 928 733 837 891 1134 186 953 849 635 802 821 647 686 
217 : 1050 956 1049 1358 1357 1171 1069 843 1128 850 1126 392 761 888 885 1145 647 1034 1387 852 889 1060 1396 1119 1397 1127 1398 1392 1399 1048 1400 1172 863 935 422 826 391 390 1051 1067 720 1137 191 1129 1008 733 951 894 1118 844 
218 : 1048 956 1126 1050 761 1051 823 951 822 1069 1118 827 1049 1044 928 888 642 720 744 926 1015 852 829 838 763 1127 915 765 826 740 1177 932 839 1178 891 533 739 769 1116 1022 1122 1359 1045 851 863 894 1021 885 1084 1128 
219 : 930 1058 931 926 1070 898 957 1059 1363 935 1051 1053 938 937 951 769 1361 802 852 737 741 889 1360 826 633 1135 1138 1118 1044 742 1131 851 843 1024 1048 934 743 19 822 915 1000 423 1068 92 136 928 1091 739 740 1126 
223 : 1074 1062 1075 923 1243 970 791 223 1272 1202 696 799 672 1108 231 814 230 252 1259 803 924 124 927 232 969 663 188 431 384 1339 60 991 225 179 993 273 284 610 896 229 918 201 360 520 695 1115 484 234 681 1002 
224 : 1062 251 676 678 289 635 1075 204 225 409 250 569 919 465 142 1306 307 203 1290 781 492 557 752 1246 1006 834 433 503 1099 1074 234 1234 101 1362 52 1331 1339 1266 147 679 1397 652 1332 432 1188 434 632 1021 605 1381 
225 : 671 250 1362 547 652 676 1225 678 1339 683 696 1062 1188 324 465 284 1076 632 23 333 339 1331 1064 899 970 406 672 74 1266 783 133 1075 147 346 1074 924 340 1106 1332 326 1115 227 95 1334 336 52 3 223 334 991 
226 : 1063 1085 394 1082 323 1081 1078 228 1235 117 666 1394 128 171 149 300 1391 584 943 1053 551 1088 329 1317 281 349 1086 111 59 1369 644 1389 703 670 1146 422 1079 1054 299 863 367 771 956 1312 1070 778 1233 1080 1121 454 
227 : 1088 1086 1063 111 1054 1055 785 1087 479 1389 832 1262 1362 367 916 584 32 349 551 451 943 1390 1053 659 351 863 692 1382 833 987 1210 266 656 684 585 1317 941 1019 159 575 59 281 719 1267 1375 730 115 644 383 485 
230 : 1101 1065 1099 1096 806 553 804 1090 968 1100 76 1097 805 1007 900 1318 705 1279 1028 781 1011 516 141 480 905 1008 82 1004 1163 1098 587 505 1241 749 293 610 431 1006 809 755 1162 679 1161 1226 57 439 594 1010 619 1157 
231 : 1096 1099 534 1065 1302 553 1097 1100 906 204 1160 1101 1098 191 818 1279 127 1250 1209 198 1057 12 753 242 274 879 403 82 185 1015 587 1040 1232 1241 849 955 1103 1353 316 1111 1226 455 500 829 1257 202 708 254 1109 1369 
232 : 1006 160 1377 556 318 473 25 1281 1105 370 1356 1179 493 56 626 1253 544 557 372 1107 1234 1224 608 456 1151 139 482 295 947 994 85 465 63 423 1393 1391 541 161 332 575 70 516 571 1075 174 294 990 1248 946 1000 
233 : 405 302 691 1011 949 1269 552 1298 378 421 1010 348 609 524 578 1009 1199 328 1185 586 259 283 1335 69 30 982 616 463 876 1161 1015 1230 169 185 195 34 1043 583 1263 541 622 14 330 878 1003 630 125 262 502 1336 
234 : 1066 1197 1259 1115 716 1339 1293 1112 969 801 958 67 919 895 802 544 273 849 326 1035 723 728 916 432 899 1289 625 846 1379 922 719 643 1322 1005 248 233 390 1305 708 1321 718 925 52 781 100 983 468 1036 939 494 
241 : 1071 885 1134 769 887 888 890 741 1173 1126 1051 1012 894 1131 763 740 838 926 1146 1172 1060 1322 827 1145 739 846 863 743 1035 1174 841 1118 823 822 1013 830 839 853 1037 1358 412 820 862 1039 897 1031 891 824 1117 400 
245 : 1386 54 55 348 366 460 1192 539 145 72 376 1185 324 784 62 326 365 314 306 135 546 307 527 489 50 1182 81 959 142 364 1366 461 352 49 662 377 1371 559 21 754 399 1281 71 94 16 703 962 23 329 1241 
246 : 460 55 145 559 54 489 348 1386 461 366 365 376 111 306 326 81 565 320 292 135 16 477 1366 1182 784 72 98 62 963 562 539 364 1192 1185 21 457 352 323 71 1383 50 49 23 94 1281 1385 28 1394 17 1109 
247 : 492 232 56 57 973 434 373 1231 37 27 124 1311 688 708 48 1186 1307 234 1285 469 354 248 327 1304 540 359 1218 626 233 573 1381 1262 25 508 494 1310 69 1213 20 655 122 577 832 1192 1077 1229 1355 123 988 1040 
250 : 311 265 503 358 316 1187 291 71 1216 1257 1287 416 439 504 1228 655 1276 793 1364 460 1367 457 1385 1106 757 461 1383 798 196 334 112 1311 111 1220 105 569 335 663 155 55 276 1166 1386 421 797 455 1315 388 256 773 
251 : 504 71 1276 72 491 978 64 335 663 1269 209 265 326 241 383 775 410 943 376 569 306 1375 417 414 1109 1302 112 474 521 563 961 305 1268 142 1241 308 54 1212 1220 460 1154 74 1371 495 381 1386 970 1257 334 750 
252 : 504 71 1276 663 72 209 1302 265 326 142 55 376 36 207 256 334 17 569 305 377 64 460 421 491 636 1371 978 1237 286 496 1171 1386 970 418 54 1257 336 335 1311 798 1322 655 73 271 1187 1349 508 1321 1212 112 
253 : 553 1279 274 1065 1098 1100 981 761 1043 525 1158 592 540 1185 1003 82 307 1009 536 556 1299 480 557 1241 645 353 1157 1010 327 305 665 319 877 364 1007 980 762 84 603 77 1089 37 1011 1379 365 1230 509 408 1096 323 
254 : 750 965 941 561 341 1043 412 410 217 648 527 404 1384 300 1148 157 131 1029 1224 495 468 1273 467 591 127 714 921 349 1108 523 306 801 166 1375 504 369 1053 38 945 521 398 503 1392 124 313 117 4 601 496 696 
255 : 750 965 472 157 941 341 648 131 217 468 985 260 495 4 1126 300 880 582 1368 1283 467 504 527 1043 85 1273 475 277 404 938 885 38 1148 166 127 54 561 257 1382 945 1375 1053 11 381 306 990 1123 1149 477 496 
257 : 238 893 239 904 139 223 1082 905 175 906 140 1205 189 1264 165 213 1195 272 1004 10 1107 744 177 1033 824 315 48 1191 1319 731 11 9 815 141 1040 710 1025 713 1156 519 311 1257 1149 534 745 526 1351 996 430 592 
259 : 516 431 141 714 252 795 672 800 904 799 1153 812 1074 1155 188 1243 594 230 179 631 755 876 567 638 1163 311 598 1154 293 1350 1062 809 713 719 657 927 1106 1092 1170 280 25 791 994 969 244 1066 171 1188 76 808 
261 : 320 527 321 478 476 107 1235 1370 424 150 6 736 1251 336 422 551 23 452 641 1368 445 366 365 540 72 266 537 1179 362 454 1149 577 934 582 479 364 837 672 323 1083 425 417 1281 731 700 394 1253 981 977 256 
264 : 451 532 367 931 703 1067 767 934 956 731 841 916 91 630 785 1054 1171 854 777 111 1117 850 1047 538 351 1088 936 759 1086 90 1073 1320 290 1129 284 251 206 356 470 1137 1182 376 1375 113 479 17 1270 503 853 359 
265 : 483 501 533 35 523 1157 1151 1390 1319 1274 1264 369 1140 37 1204 411 329 1257 1216 929 684 1156 1198 182 679 178 230 524 1189 983 1284 291 58 1327 1314 1007 186 656 609 175 1122 705 552 160 25 367 764 802 1231 706 
266 : 941 1221 254 238 139 34 670 351 1080 417 361 1222 387 491 1082 270 668 400 112 1322 1191 1256 1394 949 550 537 666 206 79 246 53 755 939 1007 1395 624 1264 630 182 43 147 1188 338 223 1211 713 712 710 966 816 
267 : 963 542 1073 586 1375 30 5 981 587 119 944 396 181 399 581 485 869 159 1207 639 982 978 667 509 767 570 307 872 461 1221 547 258 760 585 1183 1058 1148 387 670 580 479 518 160 582 153 1366 584 1047 1330 941 
268 : 543 590 592 138 589 214 237 588 426 216 576 591 578 772 642 1069 1102 213 215 1089 1371 769 1034 985 1207 1117 895 418 760 1122 581 1171 845 675 381 1093 722 862 1168 990 938 382 1354 1356 723 1111 741 1177 330 687 
269 : 31 543 590 592 387 984 772 511 1171 214 591 578 237 589 138 426 216 985 221 1183 1368 1275 588 236 693 957 968 1155 940 1153 932 990 1209 769 822 692 1085 1293 523 1116 1304 827 835 888 1323 813 819 967 1151 643 
272 : 633 224 680 918 428 682 512 1080 930 1196 194 753 247 122 232 854 257 1343 1267 231 200 940 147 1231 250 811 1047 227 433 774 562 508 958 259 369 579 847 183 849 1388 97 1322 477 19 513 1082 1043 1271 278 802 
273 : 617 616 548 622 1324 1391 719 969 613 1103 621 1150 1348 1166 218 85 275 554 882 1232 810 314 880 614 799 1040 691 960 436 620 1163 807 555 7 109 1000 619 1102 67 1147 1345 806 1292 86 639 716 750 1299 1242 163 
274 : 997 176 993 243 409 1093 1350 1243 970 725 925 610 1074 1075 1062 696 971 1349 1352 519 1292 245 969 697 695 233 973 131 350 1151 121 1265 791 1374 1096 904 126 909 1306 672 221 1021 177 991 923 174 946 1223 171 1195 
275 : 634 685 686 655 593 211 1300 712 39 1290 1338 544 526 856 597 701 753 675 201 1228 444 1210 1339 880 632 857 1341 484 440 572 1188 1354 285 193 70 541 380 464 503 1248 442 1267 421 1311 736 239 1218 662 52 1194 
277 : 809 758 1243 811 883 807 1226 806 808 804 39 88 1177 268 997 805 783 71 253 1350 993 1277 409 1247 1045 810 942 1203 1142 583 642 683 439 1170 774 341 823 1342 523 1237 1092 199 238 1128 555 952 1352 590 340 1111 
283 : 207 515 715 67 716 281 813 717 509 162 790 1329 895 917 164 1348 1000 1333 202 698 764 658 1322 1113 1346 944 153 1345 982 1046 361 200 1047 138 639 353 848 163 618 1244 1259 441 919 554 251 713 978 1313 703 687 
284 : 864 1008 285 390 856 857 858 391 766 948 627 859 911 15 878 728 658 31 899 894 1290 711 1111 914 729 686 753 879 727 75 1337 1338 781 634 1127 1341 1392 444 880 747 726 643 362 1339 202 1387 486 380 442 749 
285 : 1243 1074 1062 230 803 923 229 1075 252 1111 672 924 431 993 17 60 233 520 795 753 791 809 610 433 1350 188 179 971 266 752 1169 921 1153 360 1221 370 970 1092 901 925 437 447 808 160 420 512 531 456 696 224 
288 : 763 897 887 847 764 1126 955 839 769 743 1176 1171 841 1172 953 838 848 1070 1123 936 886 846 1068 1173 1071 1067 852 1051 742 850 831 885 854 741 740 926 935 853 1129 1118 827 890 1130 765 826 392 830 891 1117 929 
291 : 725 722 640 908 102 909 720 1360 729 220 29 137 1279 1316 1270 997 764 1146 911 78 186 742 1331 740 1046 581 724 762 781 113 184 826 497 1298 66 1160 728 834 138 1195 898 805 202 95 395 99 100 953 30 1039 
292 : 767 883 909 865 640 1334 870 768 726 732 1332 833 881 1146 1362 884 75 906 215 907 868 727 837 925 399 1177 581 135 762 835 1360 724 733 314 1279 1033 836 246 31 543 1242 426 492 437 1180 893 712 92 465 720 
293 : 390 1008 391 864 285 15 948 122 627 769 728 856 14 766 1325 858 1183 432 857 820 1111 911 1113 859 724 52 1339 899 1023 1069 496 1337 914 1363 634 533 1122 658 894 1128 725 31 624 1026 716 454 455 1386 1392 518 
294 : 285 864 31 766 15 1008 728 75 541 894 899 827 911 391 627 914 658 319 390 948 1042 1242 858 1392 236 856 857 727 859 209 724 720 432 1387 593 589 1203 722 719 1208 1339 1249 1111 199 1276 73 52 878 380 686 
295 : 735 641 733 925 734 647 875 1084 850 1170 1175 648 1178 730 888 1399 1398 1234 1173 159 1058 1014 386 736 1363 896 515 934 745 1059 128 392 207 419 1379 1184 743 186 821 425 844 897 460 777 1057 1056 1015 1117 677 660 
296 : 735 733 736 730 422 734 648 641 424 400 647 145 425 1060 281 1053 15 13 886 861 1054 1387 392 1129 1392 644 863 1396 551 454 299 1389 627 266 756 833 1108 1029 703 1370 1088 390 1240 887 93 72 737 1233 896 584 
297 : 642 932 744 1126 1293 741 888 957 760 1050 1359 1116 1171 956 885 1172 1123 769 1067 1178 839 1122 1070 1131 823 937 822 1176 887 1173 1117 1120 740 938 1177 1118 1051 1146 1145 863 763 831 382 1069 739 1138 1119 1012 1045 1022 
298 : 642 932 744 1126 1293 888 831 1116 1171 938 1172 1055 1145 839 1177 741 739 740 1359 1131 956 1067 863 1178 1173 769 822 1118 1069 1122 957 928 1123 1050 320 937 627 885 1070 887 1117 1051 382 934 1054 823 1176 760 457 1038 
299 : 184 1008 746 486 875 1361 864 13 1346 246 390 1323 662 14 966 284 12 540 243 577 1177 1147 1311 180 359 102 642 1253 715 886 1237 144 140 442 327 123 65 1281 982 56 847 1348 158 1097 554 1274 51 877 1319 141 
300 : 884 768 881 723 726 909 882 746 724 640 1168 883 1312 865 75 775 1236 261 920 234 866 720 767 1119 1397 953 1315 575 656 230 6 867 804 864 927 592 836 412 292 1067 999 925 220 1120 1034 92 1340 952 1231 1400 
301 : 886 887 1146 1126 897 551 1174 889 890 743 769 843 1067 906 1171 885 741 1052 935 1070 826 1027 953 742 740 763 1123 848 1051 761 851 1068 760 1117 824 847 251 1055 841 957 952 1145 844 424 936 955 925 1122 1173 1053 
303 : 931 1058 930 744 833 1362 1070 1294 739 1055 898 1131 1059 1091 935 1051 1052 515 451 1054 1071 938 130 937 337 1053 827 769 863 627 852 596 1117 428 1118 1044 828 1068 777 682 1067 533 831 851 1024 1048 232 934 822 470 
304 : 1071 1053 1134 885 1070 897 639 940 887 769 760 31 741 890 320 935 1044 54 1138 886 1034 1117 953 851 1123 1146 957 826 128 763 830 1068 1052 467 400 936 1375 581 742 843 1137 1173 841 937 1043 852 833 1329 889 362 
306 : 625 1297 1296 1348 410 1299 716 69 1345 291 1279 1295 541 1151 944 509 1394 323 24 1346 982 1379 318 1217 163 1189 983 1157 77 1364 717 1245 1347 353 1344 1374 537 1219 275 1391 1213 666 903 517 138 26 979 1241 1253 332 
314 : 1285 1310 411 1311 19 122 981 670 232 1231 186 294 687 36 226 1274 1319 925 605 932 56 1378 203 1062 230 1304 1309 252 626 760 497 920 371 93 214 639 27 332 1076 600 70 197 612 327 957 924 211 467 567 979 
315 : 1285 38 1308 58 211 362 48 546 1310 1231 294 370 1306 359 940 1262 1074 411 1311 1378 101 503 225 433 122 600 345 961 1125 482 652 1087 556 1192 626 1301 369 554 1219 70 1076 768 999 811 406 1382 421 1041 56 606 
316 : 147 937 1080 208 133 678 1310 1311 573 496 1076 508 444 1262 664 310 372 763 667 1370 1368 58 298 1191 1307 1253 1274 1157 26 153 1319 1258 370 1375 567 465 941 305 443 120 455 1339 562 1072 383 324 1229 63 1200 232 
317 : 1323 131 1287 1017 1381 912 1182 827 1192 352 1199 587 465 1172 133 337 1367 1069 344 1321 527 1213 667 72 959 8 1076 962 838 135 540 21 315 461 391 37 326 334 381 1109 287 84 610 547 1100 42 1320 382 378 572 
321 : 1290 879 1338 516 878 1269 948 1341 638 859 880 567 285 809 790 312 1095 876 431 598 714 781 1008 38 76 264 783 1336 812 80 1094 252 766 1004 1353 391 749 634 214 747 1098 1006 685 1270 1339 1101 466 808 544 441 
323 : 1338 747 362 1290 365 749 593 678 1111 380 1341 442 879 859 643 308 174 746 39 76 189 391 14 686 1337 1339 766 703 946 1188 679 878 274 439 434 632 948 1036 440 337 698 1035 441 748 173 285 1008 819 699 1362 
327 : 1291 1344 163 1346 1345 164 1352 275 624 566 1217 1347 716 1348 712 1300 598 204 357 1219 1196 709 33 123 815 1163 982 947 638 232 1124 1266 1092 1289 356 1080 1177 465 1323 274 69 1207 946 683 113 707 944 213 77 1218 
331 : 1364 358 959 526 187 798 651 256 38 960 254 376 336 1225 271 996 417 337 418 327 335 135 872 527 671 45 1323 207 623 89 1241 1106 121 1278 305 378 487 16 461 291 933 961 455 972 55 339 142 974 315 555 
332 : 1172 1145 1171 1126 1133 1132 887 885 1068 938 953 1037 1125 956 761 957 831 739 1070 1118 1173 897 1031 1071 760 769 642 743 740 1131 891 852 822 1034 1067 1130 744 886 889 894 1177 1048 1122 1069 853 1128 926 828 741 841 
333 : 897 953 885 769 887 739 743 935 886 1117 1171 1067 890 744 1070 1145 1126 741 1051 740 852 1071 1055 831 1174 763 1125 1123 1173 1133 1122 957 889 1034 1294 848 891 742 1172 1052 937 1044 851 847 760 841 938 843 928 1129 
335 : 1177 888 1178 1176 1293 838 885 1132 769 1133 1070 886 1116 642 823 1130 1146 864 890 1173 1012 1031 31 858 1045 839 1129 1359 1399 932 887 1046 419 740 1123 822 1121 1126 1051 1172 581 741 1060 760 841 954 400 1015 870 765 
336 : 1146 885 769 741 888 1173 1116 887 1038 1178 765 1117 1121 1145 1122 1123 1126 642 890 31 953 852 763 744 932 938 1067 1283 1050 891 23 823 1176 382 822 105 1175 954 842 400 760 845 839 1018 740 956 1012 897 937 843 
338 : 1294 1362 831 828 1043 930 1036 848 1044 1042 1058 739 1154 744 777 47 451 1071 1055 46 1054 130 756 428 833 916 351 827 1067 931 1038 1068 596 764 1059 1037 470 954 389 92 515 1126 830 202 378 1360 232 1137 866 457 
339 : 1234 1253 273 295 666 1205 472 25 482 540 1238 1198 456 68 508 1204 625 533 1311 979 170 294 947 357 1142 574 35 317 211 85 421 411 1006 516 1391 1356 536 945 997 1377 283 669 483 332 124 984 1394 985 112 44 
340 : 1269 407 958 905 692 175 1206 39 1220 1225 1156 968 1006 330 800 1364 904 345 974 1319 1274 506 993 693 466 612 1107 623 265 665 1230 694 1288 636 1077 344 971 695 650 1378 117 173 212 893 1389 268 1200 153 972 1271 
347 : 323 1395 983 1318 559 670 324 1161 1393 142 438 1151 1002 1305 666 1394 1159 1213 283 35 655 334 37 295 1204 1073 625 1143 369 1107 154 329 84 36 1274 44 629 667 1319 180 523 501 1326 1263 349 1006 65 553 1140 25 
348 : 323 670 559 1395 983 1281 1161 295 1393 438 655 142 666 154 1394 1002 180 283 35 36 1213 553 629 324 979 1204 1237 1106 369 1147 398 354 84 329 44 101 294 1107 566 524 554 1241 1263 493 21 1006 332 1323 20 120 
349 : 1221 208 1222 993 447 228 268 657 79 1281 992 1256 449 971 664 73 361 892 537 1191 809 487 270 371 7 269 342 947 566 1107 194 1179 315 428 660 254 710 663 1247 299 261 128 25 1229 61 223 63 1082 407 238 
352 : 325 1375 231 16 527 292 378 461 585 1182 433 155 261 336 339 4 1275 395 1183 266 1241 457 1384 382 1148 1192 376 111 559 1302 1355 1149 981 734 375 786 1078 324 17 3 837 1051 135 193 1365 637 150 839 629 493 
353 : 1182 194 559 3 754 1084 1366 292 839 1386 637 378 1375 1221 652 1183 435 49 1005 653 527 1056 528 489 1370 579 662 540 833 1109 1371 587 1227 580 181 1051 11 369 1294 586 336 246 966 836 736 784 1281 984 1225 4 
355 : 1130 419 1399 400 1048 1070 888 1178 1177 1132 1037 1116 3 1176 862 1398 1293 863 180 389 1387 1359 1173 1008 324 664 1400 1060 1133 864 412 1397 4 1050 116 1014 838 1120 388 915 1172 15 887 929 956 1129 1119 886 642 894 
356 : 400 1008 1358 1357 1399 1359 419 1396 863 1400 1050 412 425 864 31 1387 1398 1121 647 551 1051 1026 733 839 3 895 737 388 915 454 1031 735 1029 180 389 392 1120 1117 1119 897 1392 820 1067 1363 1048 398 1021 1042 664 1146 
360 : 1312 1286 405 317 259 1314 175 656 1296 575 140 396 139 488 1011 236 1157 1318 1316 1298 283 1009 1315 117 611 572 1299 85 523 949 124 167 541 1317 1230 688 744 1374 26 323 983 456 570 178 302 1205 1395 123 444 308 
365 : 1188 1124 1380 638 1345 226 650 674 416 340 431 1344 683 794 1256 834 141 225 708 279 200 215 368 780 1291 235 796 246 513 712 1092 816 1332 1 701 566 713 792 1334 748 312 711 338 1352 791 234 124 1348 63 503 
