001 : 486 51 184 12 573 878 944 359 141 875 665 78 747 663 329 435 1186 746 332 56 1003 14 1328 172 374 1361 526 685 195 1268 13 879 1335 453 84 876 378 584 414 1113 104 817 1144 1194 925 1158 726 219 29 220 
002 : 12 51 746 884 875 1089 141 1170 724 1169 810 747 172 14 729 726 578 883 1042 1263 781 184 700 429 75 1158 374 253 1380 1217 908 878 607 78 896 846 1379 792 486 390 876 284 288 47 925 1095 650 658 606 364 
004 : 485 5 399 181 144 90 91 579 582 542 6 584 1073 281 349 119 587 585 509 387 707 159 981 1370 586 785 944 980 145 95 625 476 1183 395 978 518 1389 486 1295 982 1279 350 962 422 666 833 72 1207 667 546 
008 : 166 488 1189 1061 236 1255 1085 167 1374 575 1315 1275 259 185 355 1312 1011 24 410 656 1252 1160 541 435 378 645 1296 574 103 583 1192 170 914 1254 1242 317 517 190 1198 332 327 1199 437 1077 86 1010 1026 319 1297 536 
009 : 1032 103 401 943 552 1272 1296 625 650 746 1379 849 488 968 1295 410 1391 355 342 359 540 26 824 925 575 1305 1374 828 1219 172 368 328 163 813 708 130 1147 68 77 1102 1389 101 1283 357 108 536 1072 981 1180 1073 
010 : 491 257 385 386 271 1196 610 1374 418 409 345 767 798 1273 406 243 1075 802 1364 1282 959 72 137 121 142 646 883 1363 915 397 294 18 265 1190 339 377 413 861 128 544 522 398 74 1146 558 640 820 256 17 154 
012 : 492 122 57 1231 124 1336 232 541 203 248 56 39 801 240 1381 695 1185 373 569 1006 1192 517 413 498 693 214 62 698 626 254 1205 907 250 988 609 364 399 680 137 914 234 637 973 147 1248 694 225 433 845 512 
013 : 492 122 69 19 556 248 124 232 1231 433 1193 292 234 947 48 639 231 469 988 360 1104 924 1006 498 1192 1262 1350 1352 801 1218 373 993 711 1307 1106 230 441 56 354 1000 443 1304 901 197 1259 753 1114 927 370 1285 
015 : 45 102 549 398 983 5 270 303 221 1099 61 144 743 142 848 347 489 524 55 550 1216 21 756 707 1002 754 839 168 784 387 71 1258 310 1213 585 101 555 74 120 37 847 436 98 559 269 181 396 763 539 47 
018 : 405 302 1143 493 524 949 1010 1286 691 1199 1009 616 583 421 436 1264 69 332 541 110 1335 1150 1077 1312 1003 103 656 1274 1319 1214 185 1180 1250 575 328 125 183 1099 127 481 1098 236 621 329 259 1185 262 283 617 975 
022 : 495 654 1327 72 273 1157 93 370 472 1238 473 28 305 556 160 667 262 177 1206 1356 572 1314 567 941 192 107 304 745 1310 308 201 1200 508 27 309 1147 25 814 665 777 110 1156 1280 2 264 557 263 1181 35 1186 
023 : 650 624 506 543 941 1232 649 966 1223 652 1221 590 939 1164 602 270 576 86 33 1094 592 245 1289 491 387 708 1209 203 806 1379 1165 557 11 792 112 1227 631 807 1331 632 324 215 34 1332 783 704 671 810 276 52 
026 : 496 903 313 520 38 440 880 643 415 879 1099 199 797 853 143 468 503 594 469 526 258 1183 1017 1332 780 1268 335 312 1037 1334 660 795 801 1242 316 577 1163 1290 713 403 587 927 231 1260 1338 404 876 467 521 1153 
027 : 64 402 65 291 256 170 335 439 1314 1303 345 1364 265 1327 132 568 319 903 490 308 411 190 169 798 608 1157 1228 209 178 334 630 939 358 207 1317 1102 124 806 482 71 572 296 1312 310 192 1276 517 569 1160 403 
029 : 462 463 405 1099 817 1340 1025 542 1043 1027 982 1065 981 890 82 524 1269 691 1024 586 949 1127 762 862 1312 877 108 1010 1305 822 1011 259 1322 761 378 302 1376 609 1096 716 1199 559 1287 1368 596 461 1123 866 159 966 
031 : 498 106 93 326 494 849 814 869 1006 1112 528 231 468 1286 1301 1043 927 803 1259 1255 918 1037 1124 1108 248 384 161 1246 802 652 208 922 234 1280 410 360 669 1358 1188 372 233 154 1400 25 142 920 945 607 1352 273 
032 : 106 336 1108 326 498 1036 916 1301 700 494 1281 849 372 714 1149 231 445 577 148 154 801 528 814 1304 803 1243 1259 1197 279 992 269 927 527 652 61 373 1393 410 233 607 273 196 655 641 601 1043 751 25 1235 1112 
033 : 492 498 248 197 56 1352 234 1231 801 69 106 360 1006 1005 354 57 232 124 1262 231 154 122 19 1114 988 1192 225 927 1304 421 196 1259 1104 1350 688 58 922 993 435 567 947 312 468 48 1124 1307 373 1112 946 694 
034 : 706 714 1346 286 82 1331 987 713 237 1279 222 260 1000 1309 44 270 297 1291 482 1119 1005 927 442 93 1260 860 1347 27 1348 586 1242 409 1296 164 402 152 498 328 1261 61 868 594 1006 446 69 261 201 1295 1219 842 
035 : 500 268 88 450 87 270 407 26 1371 1008 1106 584 396 112 966 267 458 607 190 993 1273 416 877 269 265 1149 104 300 1097 860 902 1154 981 963 408 490 44 477 625 296 1247 95 102 439 636 1181 123 342 114 1194 
039 : 502 271 302 68 686 578 343 1007 377 628 81 96 1156 413 663 1385 411 1011 1263 538 342 421 1264 1237 195 1051 508 340 947 17 1212 1337 1176 1004 1199 883 334 874 238 1157 562 1026 710 63 292 1161 297 441 860 572 
040 : 254 560 81 50 413 153 125 348 861 565 307 306 55 16 207 346 406 66 61 62 474 74 1298 1212 547 120 260 562 378 980 140 165 377 72 71 962 398 525 322 623 9 610 1365 655 21 546 606 381 261 481 
041 : 892 718 902 899 130 1259 753 14 708 1109 1272 530 1151 698 237 185 798 1112 1197 1287 919 11 74 586 141 903 28 905 1275 202 879 1064 977 1104 955 1103 1289 749 453 815 906 64 640 598 137 917 1111 1314 166 203 
049 : 756 46 883 1361 47 51 724 12 1362 612 1034 650 102 374 1170 884 334 727 738 1217 869 157 75 729 833 781 837 583 875 723 1088 274 1294 1015 280 81 439 85 1317 767 92 1024 1204 1226 993 845 55 182 726 337 
050 : 215 277 578 214 213 121 216 772 511 212 987 1288 134 989 588 1367 97 11 1202 409 945 426 455 1228 658 138 1243 345 358 540 988 1329 990 37 170 1306 172 310 352 482 186 487 647 241 592 589 798 969 1222 576 
051 : 382 568 145 305 4 307 611 629 96 348 180 3 21 306 1355 1278 389 547 135 326 525 1282 610 1076 393 376 346 664 527 148 327 310 1365 72 732 1200 562 1302 308 23 309 570 560 1325 381 50 1386 1109 996 784 
052 : 752 251 680 512 1176 803 679 833 674 42 1031 1124 247 367 1035 1293 682 215 683 1362 1266 189 513 916 888 224 677 521 1320 798 451 1188 1 613 147 919 246 256 250 535 36 601 76 602 923 921 612 1131 593 440 
053 : 367 451 674 752 1048 1130 503 683 1362 235 803 906 251 981 781 226 677 840 1050 864 1311 1342 704 246 680 247 250 1075 967 921 27 39 1207 612 13 1131 698 758 521 1023 485 920 916 924 432 596 762 675 395 249 
054 : 465 612 420 146 900 250 513 601 561 901 222 514 683 464 803 147 334 902 211 200 26 1218 1005 1107 752 191 544 757 787 545 1229 797 1267 225 796 1034 1300 633 226 688 776 749 674 1203 699 793 440 680 682 235 
055 : 633 513 683 1197 250 601 545 222 420 902 1058 602 752 45 935 680 577 921 465 901 191 791 925 1186 147 247 464 895 289 466 230 432 229 19 918 60 146 600 1070 801 898 919 126 941 916 682 657 923 1188 938 
056 : 751 1209 1153 1245 228 1082 895 918 749 916 362 247 551 698 433 1339 1085 68 920 15 1320 1393 158 1370 845 1341 535 424 188 860 1336 1325 332 1149 1292 179 1390 391 454 1193 601 1297 743 844 712 205 1040 1106 442 1350 
057 : 752 250 1186 468 1259 382 901 921 247 230 683 601 599 1215 289 919 926 147 922 877 686 941 1197 134 1112 898 920 714 1355 467 918 1038 1074 885 848 1272 1266 513 600 1060 916 313 146 52 739 432 545 556 273 665 
058 : 516 141 431 252 795 672 800 904 714 1163 799 1153 602 713 1350 598 812 1162 808 1243 1062 1349 1074 76 78 876 1154 755 594 638 311 1106 792 1001 791 1155 1158 230 293 790 1357 1336 280 546 918 969 809 9 634 1358 
059 : 516 1153 1243 795 1350 431 1062 594 280 1074 141 1142 672 1305 904 598 175 799 610 1341 1155 714 800 520 252 233 618 198 535 182 188 809 230 430 1353 876 1211 179 40 1229 1154 1092 256 971 602 466 993 604 37 927 
061 : 319 1208 1189 488 1160 1276 1203 875 1327 1314 654 1389 1244 1084 925 166 75 720 190 209 1312 913 207 310 665 1288 308 998 1234 169 159 517 132 724 1103 297 1077 161 1322 515 1156 1245 575 745 151 1315 170 156 1318 1061 
062 : 168 123 1222 1004 387 319 281 550 959 398 565 353 975 518 74 269 1215 303 55 666 546 623 144 1142 1180 1086 1160 963 306 1299 347 1192 1381 1367 84 1249 661 646 773 1386 7 21 1252 343 71 44 980 517 870 348 
066 : 1311 186 409 283 1229 979 234 606 1306 1352 950 952 69 1116 461 1231 345 223 176 311 947 522 121 126 48 891 470 277 1307 230 1106 1225 1074 232 655 571 10 519 923 714 97 671 241 1285 173 814 482 110 248 1386 
067 : 536 1211 154 1152 24 89 1279 710 17 182 294 976 1238 1141 796 1201 25 433 446 979 558 36 279 1183 272 1391 1373 1278 57 40 233 723 531 373 85 338 1205 19 670 289 7 1196 79 360 186 1305 43 228 535 800 
068 : 43 1205 1257 346 536 293 272 1264 1211 1278 337 182 505 992 1383 655 41 180 996 7 1220 79 1155 418 535 8 265 1215 623 261 37 207 24 933 358 959 133 96 53 314 664 330 40 1284 125 668 80 1381 3 187 
069 : 536 1205 43 272 1152 1257 1080 1158 535 346 41 1141 293 976 558 37 655 1264 1183 330 17 1196 154 182 1368 113 525 1211 85 418 89 979 1278 563 11 409 505 446 171 992 186 1201 996 862 9 1378 604 25 401 7 
071 : 289 1152 433 520 229 288 432 927 1141 1277 126 879 464 154 434 1196 549 901 1191 1305 1342 225 1091 1340 222 420 675 527 1243 558 643 446 1202 279 714 60 278 793 678 513 89 799 284 1183 1090 755 1140 601 230 17 
072 : 521 526 440 496 31 503 819 469 1320 468 1267 1265 26 211 634 901 439 1228 797 735 1112 465 903 467 318 680 194 484 464 121 452 685 593 545 922 686 821 1343 569 989 627 278 920 572 1272 312 363 900 70 39 
074 : 469 467 194 404 503 496 468 440 1070 903 312 526 313 201 1194 121 39 122 848 521 919 885 936 687 1074 130 1210 877 193 1153 916 706 283 1320 1087 379 1384 1248 1197 492 702 686 990 1267 470 685 572 940 752 292 
079 : 1190 1148 1160 943 103 108 862 1312 1199 357 1031 367 325 1226 1374 177 1185 1296 317 849 1228 515 102 760 1245 126 231 1269 307 405 625 63 1032 611 840 257 1216 169 328 1090 1286 1242 1310 1072 1147 730 746 167 350 665 
080 : 525 305 540 26 1395 37 570 1253 353 310 84 1200 573 123 1311 1299 625 481 655 274 572 667 355 308 323 1185 63 333 192 983 1159 334 1241 480 329 1002 1076 133 324 645 666 25 569 1305 124 623 537 98 345 2 
081 : 305 353 525 333 655 983 84 1185 260 540 1159 123 303 481 623 37 1241 120 274 270 1366 645 295 355 572 670 21 666 1200 662 1395 1002 347 553 981 1394 1158 1213 378 398 142 784 509 344 480 269 629 571 74 667 
082 : 525 568 327 570 305 310 304 1200 308 180 309 25 26 2 573 323 663 389 1253 540 1076 412 1311 572 1299 260 98 306 307 9 386 537 63 393 133 329 1395 1370 1276 192 345 664 332 571 1214 267 361 629 334 1157 
083 : 526 440 683 638 392 655 797 222 1228 879 880 876 712 633 1169 334 685 924 327 1343 1300 468 38 795 521 1251 625 2 902 675 708 798 792 39 801 1320 451 1338 1341 214 313 796 368 886 141 200 121 439 969 503 
084 : 320 527 321 322 1370 366 349 150 1235 476 832 365 15 553 374 854 537 356 107 1108 833 61 59 94 16 157 943 478 452 648 376 111 246 987 499 1259 375 269 1302 377 479 422 1081 493 131 1053 1055 540 1240 700 
085 : 326 192 273 124 337 494 1259 801 410 802 528 435 1112 541 925 233 123 353 25 1274 27 992 1319 329 1301 414 336 922 332 1191 1213 161 550 493 566 248 421 186 1189 1149 468 625 1310 1263 803 969 1352 710 815 231 
086 : 326 494 528 1213 23 106 261 925 192 1281 1112 142 1214 273 1259 265 94 105 1301 1391 25 124 233 922 1310 1394 306 248 802 468 666 36 906 803 629 96 254 336 1149 456 801 133 1048 912 329 260 269 61 1334 997 
087 : 326 550 21 265 22 306 1215 906 629 528 1214 1334 96 254 1332 251 260 925 291 1281 3 1391 1383 1191 1204 36 645 329 534 798 121 17 142 170 1104 989 1302 4 440 1205 182 34 1192 363 1245 125 176 651 211 1211 
093 : 208 437 1221 298 407 531 269 1139 1236 524 22 1253 61 296 297 967 267 1273 469 33 410 112 978 228 436 490 1238 1255 1249 653 607 1161 992 268 665 1274 663 571 408 1319 370 34 1189 318 655 447 488 1222 625 1181 
094 : 123 979 1001 1300 1307 58 666 1213 651 555 784 1065 1284 44 84 211 354 310 999 175 789 570 707 423 626 522 546 554 1292 366 1066 1112 305 1107 535 274 332 754 365 357 338 79 690 1204 605 1263 1192 303 358 26 
095 : 376 251 17 460 389 1214 798 377 241 1185 445 1301 906 1376 265 1302 81 73 375 404 350 1241 637 440 4 941 16 701 425 87 1294 3 1331 336 754 348 775 596 990 352 305 326 1072 1105 135 961 152 322 281 1042 
097 : 753 14 1331 783 441 798 1105 1339 634 638 1057 461 1078 251 878 379 1336 52 391 1275 899 627 685 1290 202 1272 30 811 637 856 25 1209 1196 444 749 1285 680 1008 1338 492 675 380 712 704 1206 232 871 748 711 686 
098 : 1099 753 1338 856 747 1296 444 1339 1181 810 999 634 857 380 925 899 1111 1290 878 1268 317 879 202 864 285 23 231 1371 916 52 744 442 258 1008 1272 391 166 766 475 26 777 894 749 1245 38 379 880 774 710 1207 
099 : 754 789 120 270 788 387 269 1159 509 785 786 873 398 539 596 776 1084 408 23 784 1112 564 974 1348 158 61 1307 963 260 1192 934 787 635 88 599 1362 646 1359 435 850 842 812 801 534 1283 962 851 1393 872 268 
100 : 382 842 789 785 786 1084 393 383 629 1055 1154 381 149 1123 1176 855 23 105 1033 661 912 292 646 457 261 734 784 744 854 539 335 398 221 533 1359 1256 458 375 801 839 3 671 104 1384 932 527 1385 112 241 116 
101 : 320 322 527 321 107 150 1073 478 1235 476 300 1083 677 72 1240 1192 1384 1377 34 131 1372 364 730 336 11 639 585 833 350 452 1200 606 369 383 352 1273 733 537 23 1386 1329 55 424 1388 1053 479 513 1219 461 370 
102 : 539 854 333 566 564 435 1258 1213 789 1176 120 352 467 144 23 754 283 1307 267 1081 1192 651 635 784 483 565 347 1002 553 689 559 979 1191 861 845 1146 912 1178 533 1238 122 452 98 554 779 81 1263 628 659 302 
103 : 1383 459 148 381 457 255 785 1268 105 788 483 452 803 485 1370 1149 967 1210 18 1215 977 789 562 533 965 659 116 787 478 943 191 664 563 962 1076 155 117 689 981 666 150 364 731 72 157 1182 308 1381 802 1245 
104 : 1045 1118 839 435 900 1381 1074 605 1171 566 891 420 1135 204 954 1077 1229 1191 567 287 1130 1106 676 1046 291 1336 1256 1151 843 1121 678 932 794 1051 783 979 757 879 158 629 971 1337 57 635 1338 1081 793 1116 205 1177 
105 : 390 719 914 486 277 834 894 627 1335 1008 311 52 1000 391 1252 643 1015 1053 238 878 1107 441 410 15 634 236 110 928 520 1024 70 648 1126 1139 202 345 92 1111 833 442 781 940 213 948 227 425 879 876 1245 1298 
106 : 3 388 393 180 664 4 1311 1355 1237 389 569 1106 525 1276 305 310 406 629 382 663 655 1200 145 22 133 1107 306 2 21 326 1386 308 348 1225 1370 1227 327 970 1371 165 74 304 155 400 96 134 412 62 1400 484 
107 : 128 1206 629 191 305 664 366 1251 329 389 1370 458 1182 306 832 144 310 365 1039 2 149 375 1311 460 1086 1250 1265 418 1261 255 116 299 412 1198 4 98 63 73 453 1085 1072 97 198 1081 324 393 475 321 537 977 
108 : 3 393 180 4 664 629 389 306 388 382 1107 2 21 412 1106 1397 116 72 155 784 61 23 327 944 324 977 22 1282 121 568 309 1237 400 419 9 126 308 1400 207 50 381 570 826 345 538 145 104 1220 785 386 
109 : 628 339 254 337 343 535 689 560 480 1205 338 662 364 1266 773 1240 774 1200 365 565 481 433 194 48 1100 1158 272 543 635 344 125 1263 661 310 1183 1072 1195 25 1002 865 690 1155 438 878 609 352 195 1248 552 60 
110 : 264 111 128 393 306 322 664 394 540 527 559 460 292 381 1383 648 365 458 180 131 1043 327 1200 104 1375 310 105 3 299 323 750 366 4 1138 1109 1193 256 1182 561 1297 1210 1053 300 383 1149 565 671 457 307 661 
111 : 180 320 540 327 1311 1236 349 104 502 300 435 365 3 4 359 111 1260 393 397 1186 457 494 62 394 304 939 570 1054 479 573 325 475 527 255 376 843 940 1375 460 333 611 591 526 663 28 965 664 1383 382 645 
112 : 26 1299 540 305 525 573 570 63 1395 1253 323 310 1200 308 494 572 1076 537 192 124 568 304 327 25 666 670 409 329 307 625 663 68 334 455 1311 1209 256 333 345 1158 134 19 170 569 536 496 667 688 544 1234 
113 : 63 630 1395 1313 537 992 570 663 941 310 25 573 1195 333 309 416 315 238 666 189 799 244 26 540 1082 1299 139 371 1394 1191 1229 567 1188 667 1084 1078 305 525 1214 225 1264 79 1080 1157 572 1218 122 504 228 53 
114 : 332 541 573 401 625 1296 577 359 1010 488 1305 517 1295 160 1247 572 552 860 166 1073 410 259 574 925 24 167 1201 1112 456 575 1374 556 494 103 101 665 1061 217 1288 1197 969 688 27 521 326 56 304 1241 1017 1259 
116 : 26 625 1153 68 1142 1161 372 1143 997 516 1099 1155 573 608 1003 167 430 141 1295 809 364 1303 493 283 184 280 272 514 656 431 188 876 2 1204 695 1305 185 603 10 1158 56 317 569 594 179 755 571 1371 519 575 
118 : 324 1395 55 645 1099 54 584 630 50 303 1146 959 1161 559 1393 565 323 983 81 629 82 306 396 73 1372 387 328 872 353 437 1386 91 84 1215 366 1159 524 398 670 325 585 329 352 438 1258 1226 339 394 668 1236 
119 : 666 630 389 962 667 474 1076 328 1007 565 307 1374 1198 1395 475 460 81 560 115 1226 170 1394 535 62 1154 55 1378 171 981 9 562 50 1157 671 318 43 1367 90 664 976 537 570 1027 944 803 1274 668 5 1319 255 
120 : 1395 1264 329 667 139 223 347 670 668 175 714 537 630 1228 572 504 345 1394 1191 187 238 1391 469 272 315 1151 1367 460 170 438 343 688 1049 214 103 371 1205 1187 199 1313 666 1224 689 1302 182 964 197 291 949 254 
121 : 543 589 590 588 237 592 216 426 138 576 1126 214 935 591 578 772 822 1102 215 1368 739 769 764 18 985 1043 928 418 213 990 850 581 1171 1318 1354 757 382 938 1093 1372 932 1355 523 741 1059 1239 1168 311 330 1067 
122 : 544 755 597 199 748 203 1066 567 670 814 708 714 1314 251 516 1335 1076 781 360 746 372 347 56 1074 287 813 800 600 688 556 1272 10 307 52 997 294 1002 594 124 790 1104 917 572 861 1229 546 663 1115 593 327 
123 : 544 251 813 546 441 790 878 1335 301 597 1113 622 168 203 755 1066 606 287 1019 748 814 595 869 917 536 599 158 99 792 120 1020 704 879 127 985 727 262 717 107 1378 875 866 640 1290 1032 947 781 1018 958 1336 
126 : 203 631 672 714 799 652 544 752 256 755 264 445 597 468 245 671 140 904 1287 634 1153 206 1354 312 316 1163 221 594 247 1154 679 78 772 535 372 609 230 795 1066 676 249 598 382 603 1150 42 1336 757 76 911 
128 : 678 676 1334 632 1339 250 465 674 1332 247 783 206 781 924 1343 698 1246 1306 203 811 204 1074 1289 1229 637 638 683 918 712 920 1337 503 803 1266 704 420 677 901 246 779 226 1075 699 752 671 288 793 1 792 797 
130 : 898 1275 1196 680 753 224 428 1141 633 19 512 1070 1060 514 282 1058 1230 938 233 122 935 380 347 52 124 601 97 370 236 385 942 1029 951 18 232 909 931 936 657 930 855 1021 191 1270 371 683 1059 24 513 1202 
131 : 294 21 522 378 17 555 398 554 142 546 337 1281 376 872 19 1104 861 101 539 295 873 72 1192 981 36 538 1185 651 959 135 120 661 122 435 606 283 559 553 98 145 254 1241 789 662 261 387 575 1106 354 1214 
132 : 710 1287 184 418 84 1155 314 80 795 182 526 280 315 1350 7 610 9 199 1211 800 207 377 272 719 293 714 516 553 125 933 337 1154 89 1153 123 431 294 536 876 625 594 1325 558 1163 311 1142 1170 88 268 809 
133 : 755 594 790 431 544 1290 188 179 1066 516 1155 1305 280 1074 879 714 600 60 634 598 214 719 256 795 78 1269 455 876 372 1158 99 809 141 430 597 251 1113 602 443 1153 800 969 1163 1151 1001 42 545 227 76 230 
135 : 1228 1267 26 439 134 547 1198 310 191 327 797 1309 707 526 625 667 301 334 572 803 25 2 440 71 655 465 570 308 1157 788 1107 1236 880 736 569 1260 318 304 610 1272 495 58 37 187 612 231 1311 1234 1191 1300 
136 : 617 613 616 548 622 615 619 614 621 618 1150 958 510 162 163 275 719 1161 1348 436 1324 620 143 1244 1166 691 1391 969 554 164 448 983 1103 1011 1345 992 1000 624 1291 218 1255 449 85 302 882 1344 718 211 821 357 
137 : 879 757 801 1338 440 793 632 52 797 916 917 924 685 250 795 1290 465 526 252 226 464 663 902 313 637 468 638 796 38 919 466 222 467 420 1341 612 682 699 683 503 918 674 592 1186 33 803 137 672 921 901 
138 : 265 1187 358 291 1228 71 655 1257 311 892 1216 504 293 334 1364 1106 663 439 63 415 457 461 416 294 1281 124 406 1276 793 1093 630 335 798 111 568 569 411 394 1264 1311 757 484 1367 256 890 527 316 254 979 55 
139 : 795 252 431 924 316 879 799 1153 925 672 800 516 526 610 520 1154 1093 315 1341 923 440 468 876 1338 38 141 503 1062 197 885 880 1362 801 1169 1243 496 233 60 214 780 313 1075 1350 991 124 179 1074 927 469 918 
140 : 807 758 806 810 809 1331 1247 870 1252 811 808 178 643 317 783 515 726 804 790 683 221 1124 141 1135 1243 1293 805 880 719 834 414 945 753 244 1147 915 1093 288 772 682 627 28 329 220 762 535 1246 836 184 124 
141 : 635 691 68 461 1241 232 93 421 923 1100 1062 234 1336 520 1315 494 1374 144 1143 1394 689 628 1157 1205 1335 1092 484 645 1018 1285 36 577 1269 853 1226 552 295 1353 695 1231 1072 572 686 334 1204 1208 1238 567 19 540 
142 : 1393 559 983 283 1161 1394 438 524 84 142 1099 1104 366 101 501 1348 365 555 24 1213 670 294 295 662 323 553 1002 635 537 369 36 564 1040 123 668 35 522 303 387 1159 1253 571 354 329 689 1395 1307 509 398 493 
143 : 635 1002 662 690 283 1395 628 1258 554 1191 689 1158 101 564 553 1106 1104 1204 954 1394 1393 295 535 497 1099 123 370 1074 546 1161 1213 36 398 572 142 260 789 29 465 55 524 144 556 566 655 21 1192 1178 496 872 
145 : 637 698 699 803 465 779 705 1339 288 920 247 1332 680 250 1334 700 1289 243 632 712 1272 674 1333 683 921 669 1243 704 1246 701 1280 678 791 1305 601 903 1259 924 682 200 638 226 1 901 74 147 1390 279 899 530 
146 : 1331 882 779 1289 1270 783 953 906 251 790 728 701 781 884 702 1214 440 265 273 810 187 948 78 1391 495 860 14 286 654 421 1334 824 807 508 76 1006 556 698 725 1260 114 1332 1290 96 1105 557 1327 1329 902 102 
147 : 638 673 1343 1091 1095 1211 222 1356 685 182 631 747 433 792 1328 880 1393 200 1169 634 1064 521 969 1332 465 1089 311 1334 1285 368 712 1373 1163 1246 704 683 125 790 1385 189 924 797 772 238 757 1162 711 114 1380 288 
148 : 639 716 715 67 1348 983 717 944 719 164 982 153 69 163 1379 1345 958 499 553 32 77 1141 1344 83 1203 1274 619 1319 1313 82 1346 274 740 143 368 617 110 112 1330 979 1000 1028 1293 183 216 1393 207 1106 1114 598 
149 : 1126 1171 1122 760 822 1067 741 743 885 1118 739 1051 1172 1013 1069 740 897 1070 953 1131 1123 887 769 928 1068 1117 763 1017 956 1119 951 886 932 930 1052 824 934 938 849 853 1145 1071 823 1050 843 1133 935 826 929 890 
150 : 817 819 823 760 818 820 1119 837 825 1025 1030 767 1014 1023 826 1122 195 1361 1121 1026 532 867 840 740 835 1067 1015 824 836 284 870 938 1031 1059 462 863 599 130 13 1035 790 692 762 1013 843 1132 95 1027 897 1068 
152 : 910 1007 729 1289 1290 913 998 1331 516 720 1001 860 287 713 728 132 446 286 27 1092 834 67 100 827 231 783 11 1015 1363 1268 1339 204 766 1296 289 1035 853 1006 1065 143 711 862 1294 313 594 588 835 395 1342 60 
153 : 761 1050 1214 1126 906 1048 251 1049 951 956 1127 265 1027 483 1211 1359 720 669 1174 411 770 182 826 35 1069 31 1128 1369 1119 1034 1038 1146 533 317 96 1026 824 882 1023 771 1196 440 1253 1205 441 1051 122 161 1190 925 
154 : 762 840 910 462 1177 1024 744 1023 824 837 1055 835 863 821 957 51 644 836 866 819 1117 833 760 825 29 913 897 1019 1029 1098 1054 1057 818 743 938 1363 826 739 817 1178 1015 1031 1043 241 1034 831 1316 1136 1330 870 
155 : 848 764 847 953 846 1067 763 1126 743 1037 1029 739 897 839 1071 887 886 841 1036 769 844 955 1051 1171 951 890 885 1039 1034 1013 1172 1026 854 1129 1070 1042 853 741 765 935 1118 821 1068 407 1123 1038 1018 1030 47 740 
156 : 953 847 848 1036 764 1042 844 728 846 1038 1037 935 1118 1070 1126 739 42 1043 887 1171 552 1039 955 743 886 594 954 910 908 723 1040 322 845 911 849 931 878 719 898 890 1052 930 52 544 1158 1392 1161 740 1071 951 
157 : 640 909 725 883 720 12 870 836 29 220 724 898 729 1039 1051 802 911 497 184 1360 834 658 202 882 345 137 415 102 1192 1035 722 581 1012 100 253 906 1146 997 1124 221 884 762 1363 839 47 195 30 1362 878 835 
158 : 75 724 884 726 720 909 727 640 723 768 721 881 837 92 1208 100 722 951 883 1276 13 865 860 834 882 1045 47 866 1244 1041 224 743 1012 862 151 835 658 867 1117 767 580 31 729 1024 536 1294 1030 725 742 1032 
160 : 1008 31 5 391 711 51 886 859 627 877 864 982 390 66 509 658 715 726 729 285 29 1305 728 709 978 434 894 486 606 707 1178 720 1379 857 948 1361 860 911 858 856 95 635 481 766 158 1348 899 1104 717 981 
161 : 862 15 1387 1013 1131 769 915 412 1071 642 1173 1117 935 400 761 957 889 1020 1172 1026 932 1396 760 856 245 1035 1032 1398 843 742 424 885 857 1053 888 1060 1120 897 890 1017 827 744 1037 275 1126 1015 570 887 408 894 
163 : 894 1008 390 1131 864 392 857 856 285 1400 627 686 728 858 1111 391 1392 766 948 15 859 822 914 593 1026 658 736 890 1058 889 899 749 634 880 1272 843 874 425 1172 202 31 1387 735 1060 1042 442 1031 1145 928 29 
164 : 641 1045 647 735 736 730 422 955 840 648 854 733 734 1175 700 936 1054 284 392 424 1396 400 342 15 403 1119 527 1387 644 131 1120 1060 731 1013 1130 821 1235 1123 831 765 454 732 1137 1398 1138 4 856 309 761 1355 
165 : 708 704 265 748 815 360 780 638 1272 52 709 467 716 1162 812 801 790 440 197 1237 204 391 33 1340 685 1163 567 14 753 702 746 1349 1290 205 687 1336 1153 876 70 1338 439 347 947 856 902 593 312 214 1339 755 
167 : 918 895 919 780 1392 313 315 551 395 597 632 779 1207 924 544 201 230 216 916 1266 712 879 1333 545 1337 670 200 640 685 589 433 503 1293 147 143 316 757 6 221 903 1111 795 1290 981 1316 923 1362 164 676 699 
168 : 184 13 320 540 875 422 486 746 864 1008 1013 14 577 81 1311 180 390 371 494 12 1361 1253 284 831 349 1362 57 154 1031 327 144 246 201 260 833 782 847 509 940 657 261 359 789 1186 442 781 141 591 1309 243 
169 : 1106 1038 272 522 384 642 605 759 186 1305 1256 1135 1293 955 1243 512 1171 48 136 927 1 279 702 854 1093 545 848 1067 1145 1307 751 847 1218 1126 1064 885 1123 1089 1118 1351 708 928 918 763 1117 683 224 243 758 370 
170 : 1304 925 1285 999 122 440 1001 1162 197 1115 492 360 907 688 927 196 1350 673 229 1328 230 434 234 384 290 222 252 906 1095 1075 947 203 64 164 1334 1208 1164 1186 204 605 1163 814 225 1218 60 1332 812 679 1027 1262 
171 : 803 923 229 1062 924 1074 520 1075 230 925 1243 672 431 141 1092 610 1239 66 809 204 233 252 434 246 1093 1350 599 634 1164 172 688 799 638 516 225 1089 1153 235 811 650 993 1305 671 749 1265 432 188 1352 484 815 
173 : 1132 897 1034 744 1131 1331 953 938 1055 1024 926 831 1133 1069 1035 1068 1362 928 765 1033 1116 781 168 1371 739 1129 1145 846 58 833 1046 1062 515 565 1359 1056 1177 1070 1122 451 1051 957 1270 863 533 1170 1054 1020 470 1309 
175 : 769 887 890 885 1146 741 1145 1122 1172 897 886 1070 760 891 1068 888 937 926 764 889 1116 1117 740 953 765 852 831 847 846 739 763 642 935 843 1126 854 1123 1177 1051 1048 400 31 932 841 956 898 1171 742 1013 833 
176 : 1146 769 887 888 1056 890 837 580 31 742 875 1117 767 842 1084 925 1116 1127 935 1175 1024 658 885 891 886 586 1173 741 1134 1030 1122 1178 743 601 1012 468 844 817 1234 75 811 707 428 159 1172 592 42 616 1045 195 
177 : 898 1070 931 938 935 930 841 743 78 1171 1117 1071 1130 957 934 1288 514 1145 1001 929 1058 442 951 371 668 670 739 347 829 1068 843 1306 1059 1337 937 1132 1129 1172 516 713 251 953 1067 760 1230 1118 19 847 1285 469 
181 : 941 387 775 1360 1221 112 389 394 917 537 376 206 351 967 147 742 34 227 701 530 1083 1078 1222 244 1316 504 1270 361 491 305 270 383 901 460 395 81 740 345 186 410 984 309 128 1375 669 131 879 417 326 298 
182 : 941 898 516 78 1070 938 442 1288 514 931 957 1001 598 139 801 935 808 930 469 371 656 389 1395 1230 1231 1274 1287 1150 600 901 347 934 183 625 1306 670 933 504 841 230 10 594 466 575 668 1222 743 25 9 372 
183 : 176 1083 997 993 1093 970 1350 409 1074 243 696 245 610 925 1227 1075 131 1062 1195 697 1349 971 121 1243 1352 924 188 772 1292 923 519 179 695 1151 137 1265 173 969 973 103 694 791 1096 174 1153 994 1374 520 725 350 
184 : 1326 1288 974 1083 1095 773 1265 397 1169 711 1237 387 254 368 1163 1283 374 61 1322 1328 1329 367 994 337 340 308 451 1094 507 228 490 398 1113 1200 579 338 628 1223 1109 355 125 969 697 1060 18 389 1340 310 942 265 
187 : 6 5 869 582 687 981 639 1024 587 944 75 570 1317 158 91 829 1148 1311 459 12 585 264 1063 93 1392 1375 719 1123 586 654 258 606 276 267 32 637 280 518 28 1056 887 1207 1073 143 837 1210 515 1044 1083 1129 
189 : 945 745 1063 92 1087 1388 762 1246 648 1043 988 429 1219 328 1286 248 111 987 12 506 1217 606 989 1294 834 1124 195 704 637 836 321 493 986 869 529 453 592 425 435 746 876 578 519 415 1170 1061 712 543 374 747 
190 : 945 988 989 985 987 404 527 427 278 314 336 535 741 1310 751 143 990 215 148 180 660 86 1281 36 872 298 73 97 368 941 445 367 4 1279 775 68 1149 1182 1036 507 242 1221 3 907 700 1276 221 1360 610 1223 
196 : 948 859 1008 5 391 729 864 766 627 858 285 390 894 66 711 31 856 434 982 727 728 658 90 899 857 51 886 75 606 1162 634 877 251 29 753 419 15 749 486 500 1339 725 481 1379 709 509 1164 746 546 720 
200 : 1021 950 1023 1025 1022 1017 1026 1012 1018 1029 1015 330 952 1034 1019 955 1014 1028 1020 1013 951 1024 1030 1125 1016 287 1032 1027 1066 1118 1292 912 1049 1132 1075 1363 871 1213 928 286 1317 16 821 289 1031 78 781 167 518 169 
201 : 1026 1021 1023 1017 1029 950 1052 1013 1030 1018 951 1020 952 1146 1025 1027 761 871 1012 1028 1022 1014 1024 1031 833 743 1019 400 1035 1050 1034 760 1400 1015 31 1121 767 830 1396 957 1359 838 550 827 1214 1122 823 820 866 863 
202 : 1026 1023 1029 951 950 1021 1013 1030 1017 1018 1028 1020 1025 1019 1027 1052 871 1012 1146 1022 1014 1024 1031 952 1214 833 866 1035 743 760 1034 761 1015 31 820 932 935 1016 957 830 550 1396 767 887 1269 823 863 1122 549 1314 
203 : 866 951 1012 1023 1026 1021 1017 1028 1013 1029 1020 1014 31 743 1035 517 1024 1015 1031 1030 195 1018 964 1052 1120 313 871 883 640 1178 400 739 1027 835 725 355 1309 909 950 232 886 572 1237 827 566 1022 689 837 1025 1214 
204 : 1026 1023 1029 1017 1021 951 950 1030 1013 1020 1018 1012 1014 1019 1024 1025 1028 1027 1022 1016 1031 1015 1120 871 1034 1146 1035 1052 820 1067 866 821 935 932 833 1214 739 823 31 952 887 760 928 767 1176 863 1122 743 848 400 
205 : 1021 1026 951 1023 1031 1033 1029 1013 239 891 1017 139 1020 1125 1030 1034 140 871 761 10 831 1028 957 550 1014 1018 1027 1052 1070 829 1067 950 1012 1024 1022 1025 915 1133 175 830 1131 1139 1117 952 1227 1173 409 774 833 956 
206 : 952 1023 1026 955 862 853 1034 847 1021 953 1326 1171 1052 1172 743 897 1126 850 1068 1032 1118 1125 848 854 1038 1363 934 836 1013 826 1145 837 740 928 1017 950 760 1123 1048 1024 841 1175 887 1288 1035 1025 1067 942 763 279 
208 : 953 847 841 897 848 764 887 846 769 1171 854 844 763 1172 1123 1038 1068 740 1173 885 765 851 850 760 910 890 742 955 1042 926 1036 853 852 741 1129 826 930 1066 1034 935 1070 1037 1118 839 728 1051 1039 843 928 886 
209 : 897 847 953 763 848 764 1038 846 887 1171 844 853 826 841 1172 955 769 1068 760 743 926 1034 1129 1048 1070 850 956 910 1122 1132 854 1118 1066 1123 740 1173 765 1039 1051 42 728 1067 1126 441 742 1145 952 934 129 162 
210 : 954 1038 1045 890 576 31 887 1046 769 839 909 581 870 95 726 497 725 720 66 834 837 848 922 374 195 30 329 13 840 838 1012 955 915 762 836 1041 729 1015 1202 51 580 75 862 657 1362 256 722 835 29 100 
211 : 1058 1043 851 736 424 735 1038 957 1059 930 852 1135 843 890 887 836 830 953 897 889 938 831 1129 886 1053 885 1137 840 1387 1123 258 828 741 740 1044 850 1015 841 1173 1214 742 837 412 1392 765 1145 12 1055 1175 1171 
212 : 954 887 769 741 890 1136 1135 1042 1134 576 1125 1175 1071 897 827 953 885 841 765 1038 1201 535 1009 1068 301 935 854 922 374 763 1123 1067 839 870 843 531 852 665 889 851 227 1173 1171 1219 1126 740 1002 1172 1247 1093 
213 : 930 954 1042 1043 953 955 1051 839 763 1044 1171 1052 1174 743 1129 885 826 1294 1123 741 1070 890 841 765 887 843 851 1137 1135 1041 195 1068 1071 828 498 1145 581 412 889 854 852 897 935 736 769 1038 1360 421 279 1118 
214 : 955 1045 763 839 1126 840 743 838 1363 1051 641 1022 847 236 1034 1053 1175 1054 730 854 1037 954 198 1134 740 846 128 1176 926 1225 827 810 894 996 1042 699 640 848 337 1360 680 1024 928 1340 441 736 841 37 856 953 
215 : 1045 1051 838 1046 763 1118 955 839 1126 641 520 827 823 1176 928 866 1359 915 1171 829 1048 1130 851 1310 1123 863 441 848 932 956 765 744 435 1081 635 821 1121 1119 1396 647 1044 251 1177 261 1122 295 1196 884 1104 676 
216 : 955 1045 839 763 1130 1176 223 932 954 840 1052 854 1359 1146 1046 1051 838 740 641 1022 888 1363 1175 926 1120 1177 741 482 1307 1121 1081 743 733 742 928 891 883 635 801 894 953 234 837 686 1106 1042 1301 802 849 1395 
217 : 1050 956 1049 1358 1171 1357 1069 843 850 1128 1126 888 1145 761 392 889 852 1127 1119 1392 647 1387 1060 885 1396 1397 1034 1398 1399 1400 863 1048 1172 826 935 422 391 1067 390 894 1137 1051 844 931 191 382 845 356 733 1129 
218 : 1048 956 1126 1050 761 1051 823 1118 822 1044 951 827 928 1049 1015 926 888 1069 852 744 1127 720 829 642 740 826 838 1178 932 765 839 915 739 763 891 1177 1045 533 1359 1122 1021 851 1119 1116 769 1022 1128 894 825 1084 
219 : 930 1058 926 931 1070 898 1051 1059 1363 957 1053 935 937 938 769 951 1361 802 852 1360 737 741 1138 1135 1044 889 633 851 1024 1118 826 1048 843 1091 742 1131 19 92 928 1068 1041 934 915 739 743 822 936 1000 423 1056 
223 : 1062 1074 1075 923 1243 970 791 223 1272 1202 799 696 924 814 672 124 232 1108 231 431 663 230 188 1259 991 252 225 993 179 803 1339 384 60 1239 969 360 896 201 927 229 695 234 1115 430 708 1341 273 918 1328 593 
224 : 1062 676 251 678 289 492 409 1075 1306 250 465 635 781 307 557 1246 1006 569 225 142 752 204 919 203 433 1234 101 1290 652 1074 52 1188 432 222 1266 783 1362 503 234 147 924 1339 1331 470 605 1332 525 1099 1021 1397 
225 : 671 250 547 652 1225 1076 1362 326 324 1188 678 672 3 74 23 333 1062 1355 406 899 339 696 465 133 1339 346 676 783 683 1311 924 340 1064 291 1331 1106 334 664 1386 316 189 798 147 336 1075 655 972 970 80 632 
226 : 1063 1085 393 394 1082 1081 323 117 228 1235 1078 666 149 1394 128 171 300 329 1053 1088 584 1391 943 1317 551 349 111 1086 281 1389 59 703 1369 422 299 1079 1054 863 670 1146 454 644 367 956 771 1233 1036 266 830 1121 
227 : 1088 1086 1063 111 1054 1055 1087 785 1389 479 1262 832 1362 367 916 584 451 1382 32 349 943 1053 551 1390 863 266 351 833 659 987 1210 159 656 585 1375 1317 703 692 59 684 575 719 827 730 1061 1019 422 1366 454 150 
230 : 1101 1065 1099 1096 806 553 804 1090 968 76 805 900 1007 1100 1318 1097 516 1279 1011 705 82 1028 141 781 480 1098 1008 1004 905 1241 431 1163 505 1226 587 809 1006 1162 679 749 293 1161 755 602 610 594 595 274 619 57 
231 : 1096 1099 534 1065 1302 906 1097 1100 553 204 1098 1101 1160 191 818 1209 1279 127 12 753 1250 1057 274 185 82 242 198 1241 879 955 1103 1226 587 403 849 1232 1015 455 316 1040 1353 1111 804 708 500 1257 254 1369 202 829 
232 : 1006 160 1377 556 318 25 626 473 1356 1105 370 1179 1281 493 1107 372 56 608 544 456 1224 1253 1234 994 557 498 1151 295 63 947 332 1391 465 571 423 541 575 85 482 1393 139 540 161 946 1248 70 1306 1198 294 1225 
233 : 302 405 1011 691 949 1269 552 378 1010 578 1298 1335 348 421 524 1009 1199 328 982 609 259 283 876 481 30 69 1185 1230 1015 1161 586 195 463 169 185 1157 1043 616 583 82 34 622 108 630 1003 1263 502 262 1098 541 
234 : 1066 1197 1259 1112 1339 1115 801 716 969 1293 849 67 802 958 273 919 544 895 1035 326 432 846 728 922 723 52 625 233 1379 1305 643 899 902 916 1005 719 708 248 390 925 1289 718 494 468 1322 100 815 1321 225 983 
241 : 1071 1134 885 769 887 888 890 1173 741 1126 1051 894 1012 1131 763 926 838 740 1172 1145 1146 1060 846 827 739 1322 863 743 830 1035 823 839 891 1174 1118 820 1013 822 761 853 841 1031 824 1358 1039 412 1117 1171 897 862 
245 : 1386 54 55 240 348 366 460 1192 145 376 1185 306 539 62 72 784 326 324 365 135 959 142 314 50 364 352 461 1182 489 527 307 377 1366 754 23 21 71 16 546 49 435 559 1281 81 94 662 399 962 565 1215 
246 : 460 55 559 145 1386 54 366 489 348 461 240 365 306 111 376 326 292 1182 565 135 320 16 62 1366 784 1383 81 477 23 562 98 457 1185 364 72 1192 21 352 71 1109 963 323 1394 50 94 1281 754 661 629 539 
247 : 492 232 56 57 973 1231 373 434 27 124 37 1311 688 1307 48 248 354 234 1285 1186 469 708 1262 573 540 25 626 655 1304 1381 233 122 359 494 20 525 327 508 567 1310 69 988 1229 1077 1218 443 1040 305 1192 1213 
250 : 265 311 503 358 415 316 1187 291 71 439 1257 1228 504 416 1216 655 460 1364 1287 457 461 1383 1276 1385 793 335 798 111 569 334 1239 1311 757 1367 256 155 105 1106 1264 55 1386 112 1220 72 526 663 276 388 345 322 
251 : 504 71 1276 72 335 209 978 491 326 265 663 376 383 569 64 1375 241 306 1269 775 1109 1302 410 417 943 308 112 961 54 460 563 142 1268 1241 414 305 474 1220 1225 309 671 334 336 1386 74 381 1154 256 1076 1311 
252 : 504 71 1276 663 209 1302 55 326 72 265 334 376 142 207 256 569 460 36 1237 17 377 305 496 345 54 655 286 335 1322 271 309 383 336 421 1220 1386 16 1311 1364 1257 1349 112 291 1228 477 484 1109 418 348 304 
253 : 553 1279 274 1098 1065 981 1043 1100 761 82 1185 540 525 307 1158 1003 592 1009 1157 557 305 665 353 645 556 364 319 1299 327 480 980 481 84 536 401 1241 603 365 1147 762 77 877 1007 1010 1230 509 408 606 323 246 
254 : 750 118 965 412 648 941 1043 379 561 1384 404 1029 1148 410 341 527 157 300 1224 1392 131 1053 467 495 1375 369 1108 349 1273 714 724 217 1206 921 880 504 734 306 826 903 117 582 127 322 320 523 124 468 264 831 
255 : 750 965 118 472 157 941 341 4 131 648 468 404 985 1148 467 495 475 1283 217 990 1368 458 1273 260 504 527 1382 1375 54 38 561 880 306 477 300 257 243 1383 335 1149 85 1224 1043 277 155 945 903 582 590 166 
257 : 238 893 139 904 239 223 1082 905 175 906 140 1205 1264 213 272 189 165 10 1195 1004 315 710 1191 1107 177 824 48 9 519 1033 1156 815 713 731 744 141 1257 534 1381 1319 996 670 1040 11 745 1292 526 550 1351 1149 
259 : 516 431 714 252 141 795 672 800 904 799 1074 1153 602 812 1243 1155 188 230 876 755 631 594 179 638 567 311 1062 1163 1154 1350 598 293 719 280 713 809 969 657 1092 927 1286 171 1106 244 25 994 1170 1066 1188 808 
261 : 320 322 527 321 476 478 107 1235 1370 424 736 551 336 422 150 6 1251 366 266 365 641 540 1368 537 445 452 23 425 934 1149 479 1083 72 731 454 1281 362 837 323 364 981 394 1179 734 672 264 700 577 582 155 
264 : 451 532 367 931 703 767 1067 934 956 731 841 916 1054 91 785 111 538 1047 777 854 630 1117 850 1086 1171 1073 1088 351 290 759 470 936 1320 206 376 356 1392 479 1182 284 90 1129 1137 155 1375 738 853 1270 1240 251 
265 : 483 501 533 35 523 1157 1319 1390 1151 1274 1264 411 369 1257 1140 1204 37 1216 1198 1156 684 679 929 524 178 983 329 1189 182 1007 1284 1327 186 291 1314 25 230 552 462 58 1231 654 609 175 656 72 811 805 789 706 
266 : 941 1221 254 238 139 1080 34 351 670 491 361 668 1222 1082 1256 417 666 1394 387 270 537 550 949 112 53 1191 710 630 1264 1322 1007 79 182 206 415 9 147 400 430 1395 228 199 43 755 965 966 1367 607 223 315 
267 : 542 963 1073 586 1375 5 869 981 587 944 159 119 399 30 461 639 396 307 982 978 581 181 767 509 1207 485 872 570 479 535 582 667 1148 1221 160 585 258 547 379 1047 1366 1185 580 1183 518 1058 784 584 668 120 
268 : 543 590 592 138 589 588 214 216 426 237 576 591 578 772 642 1069 1102 215 213 1034 1371 769 1089 18 985 1117 1207 895 760 418 902 1122 990 581 1171 1354 862 1177 723 381 382 938 1093 845 722 932 675 741 1111 846 
269 : 543 31 590 387 592 772 984 214 1171 511 426 591 578 589 237 216 138 221 588 985 1275 236 1368 1183 693 990 932 1153 1155 940 957 1209 1085 769 822 1293 1116 968 523 18 827 888 692 1323 819 1316 1304 967 835 1151 
272 : 633 224 680 918 428 682 512 1080 930 122 194 753 1196 247 1267 379 232 774 1231 257 231 1343 1261 854 147 811 940 227 97 508 562 19 458 1047 250 579 200 278 802 1271 183 514 626 433 477 369 498 958 1262 259 
273 : 617 548 616 622 1324 719 1391 969 613 1103 1348 621 1150 1166 218 85 554 882 275 1232 620 799 314 880 1040 614 7 810 1163 691 401 960 807 436 1147 67 619 555 109 1000 1102 639 716 86 806 96 308 874 1345 1244 
274 : 997 176 993 243 409 1093 970 1243 1074 610 1350 1075 696 725 925 1062 121 131 697 1349 971 1151 1352 1374 1292 519 1306 695 1265 245 233 969 221 973 126 1195 791 1096 174 994 1367 350 991 177 672 1223 188 1227 1232 924 
275 : 634 685 686 593 712 1300 655 211 39 1290 1338 856 597 857 701 675 526 1341 201 1228 753 544 880 1339 70 193 440 285 444 1188 1210 503 572 1354 204 484 632 1248 1008 421 52 1218 757 442 511 380 766 687 1311 736 
277 : 809 758 1243 811 806 1226 804 808 883 39 1177 88 807 268 993 253 805 1247 71 783 1350 409 997 1045 810 1277 1142 1203 583 942 642 683 555 439 1092 590 523 823 1034 1128 1342 774 227 291 1311 333 340 199 157 238 
283 : 207 515 715 67 716 281 813 790 162 717 509 895 164 658 1329 917 1000 764 202 1348 1333 1322 698 1113 1346 361 153 82 944 1046 1345 1047 200 163 982 441 554 639 353 740 1313 245 618 138 848 1259 1217 703 184 919 
284 : 1008 864 856 857 285 390 858 766 391 948 627 859 911 878 15 728 658 899 31 894 729 914 1290 711 1337 1111 753 686 879 781 727 75 1338 1341 1127 634 1392 444 880 442 747 202 726 1269 643 52 362 1339 749 685 
285 : 1243 1074 230 803 1062 229 923 1075 252 924 1239 993 1111 672 431 60 520 17 233 188 795 433 610 179 809 1350 1153 1221 921 531 160 370 360 266 791 456 420 753 901 971 1006 1169 1092 316 535 297 1247 657 970 494 
288 : 763 897 887 847 1126 764 839 1171 838 1172 955 743 769 841 1176 953 848 1070 936 846 1123 1173 1071 1068 886 1067 1051 852 885 926 742 831 1129 850 741 854 1118 853 935 1130 740 890 765 827 830 826 891 1117 760 929 
291 : 725 722 640 908 720 102 909 1360 729 220 29 137 1279 1270 1146 997 78 1316 764 911 186 1046 742 740 1160 581 1331 724 781 762 497 202 184 113 728 1298 898 195 1195 1039 345 834 395 100 805 30 99 47 339 743 
292 : 767 883 640 870 909 1334 865 768 833 1332 498 726 1362 732 881 907 884 1146 868 906 75 215 399 602 762 727 925 1360 246 543 724 314 835 837 1177 581 1033 492 836 426 733 135 720 465 1279 893 92 1242 1180 31 
293 : 390 1008 391 864 285 948 15 627 122 769 856 14 766 858 820 857 1183 728 859 52 1113 432 1325 1337 911 899 1339 1023 724 1111 914 496 658 634 1386 894 530 1363 1392 454 1069 188 685 1014 781 455 533 1128 31 686 
294 : 285 864 766 31 1008 15 728 541 75 827 894 899 627 391 658 911 914 948 319 856 1242 858 390 857 1392 1042 236 859 720 724 727 209 593 73 1387 52 432 589 1208 1249 1339 470 719 722 380 1276 1111 331 878 199 
295 : 735 641 733 734 925 647 875 850 1084 1170 1175 730 1178 648 1399 888 1058 1398 1173 1234 736 159 386 896 1014 934 1059 515 745 1363 419 1379 1184 743 128 821 207 392 1057 897 1015 1117 1056 186 828 425 777 739 1023 844 
296 : 735 733 730 736 734 422 641 648 424 400 647 145 425 1392 15 1053 1060 13 886 281 861 1054 644 1129 551 1387 392 266 1029 1389 863 1108 299 454 756 833 1396 627 980 1088 703 1370 458 72 93 1240 389 390 987 410 
297 : 642 932 1126 744 741 1293 888 1050 760 1359 957 885 1116 1171 1123 1172 956 1122 1067 1178 769 823 839 887 1070 822 937 1131 1173 1176 1117 1118 1051 740 1177 1120 938 1145 1146 863 763 739 831 1119 382 1138 1069 928 838 1045 
298 : 642 932 744 831 888 1126 1293 1116 938 1171 739 1172 1055 1145 740 741 1177 1359 839 956 1131 1178 1173 1067 863 822 769 1118 1122 320 1123 928 957 1050 1069 934 627 1051 823 887 885 937 1117 1054 382 1176 1119 1070 760 533 
299 : 184 486 746 1008 875 1361 864 1323 540 577 390 13 662 966 14 1346 243 246 180 12 1253 284 102 1177 1311 327 144 1281 123 494 51 442 349 715 56 1237 1274 1379 342 1319 1147 57 886 500 135 359 1186 635 84 591 
300 : 884 768 723 881 726 909 882 746 724 640 1168 1312 883 865 75 261 1236 775 720 767 234 920 866 1397 927 575 6 592 836 1119 1340 454 656 92 953 230 1315 412 923 292 1067 925 503 952 867 579 934 1116 381 70 
301 : 886 887 1126 1146 897 551 889 743 1174 890 843 769 885 1171 906 1067 1052 741 1027 953 763 826 935 848 1070 1051 742 1123 740 851 761 760 798 1068 847 841 1117 936 824 925 1055 1173 251 957 952 424 1122 830 955 739 
303 : 931 930 1058 744 1362 833 739 1070 1294 1055 898 1131 1091 1051 1059 515 935 1052 1054 937 1053 1071 827 130 451 337 938 863 769 627 852 428 596 1044 1117 828 831 851 1024 926 1118 1068 1048 533 1067 683 928 19 777 92 
304 : 1071 1053 1134 322 885 887 897 1070 31 890 940 760 741 769 639 320 935 886 1044 54 851 1138 1123 1117 953 1034 957 1052 830 936 826 1146 763 400 581 843 1068 841 742 1137 128 467 1173 1043 937 1136 833 889 1375 852 
306 : 625 401 1297 1296 410 1348 1299 291 541 69 1394 716 323 24 1295 1345 944 1279 1151 509 318 1245 1217 1346 1189 1347 1157 982 163 1344 1379 1364 983 537 717 1219 1213 1391 353 979 77 666 275 1253 1374 164 517 308 903 1241 
314 : 1285 1310 411 232 1311 19 1231 226 122 687 294 186 1274 36 981 670 1319 605 56 1378 252 925 1309 27 1062 626 211 932 1304 203 70 920 197 230 1076 924 467 567 600 1303 497 760 612 1307 332 371 808 979 370 214 
315 : 1285 38 58 1308 211 1262 1231 370 1310 48 1074 1306 546 294 362 411 652 626 70 1378 359 940 122 1311 482 225 101 1133 503 1382 556 927 232 345 961 592 56 1192 1076 768 369 433 423 1087 808 1125 1301 1219 605 421 
316 : 147 1080 208 937 573 1311 133 496 1076 678 1310 763 310 664 1229 1262 508 1274 1319 58 1307 444 941 372 1191 1157 971 443 667 26 308 370 363 1258 465 120 1368 423 562 567 1339 324 1200 1253 1271 1370 305 1375 383 525 
317 : 1323 131 1287 912 1381 1017 1192 1182 352 133 337 1199 587 72 461 527 135 1076 344 1109 959 21 326 465 393 1172 1367 1321 540 37 334 1213 610 547 962 667 336 382 1100 827 1149 629 933 8 1185 376 378 4 254 381 
321 : 1290 879 948 516 1269 878 1338 859 1341 790 638 567 285 880 809 781 876 1008 76 714 312 598 264 1336 1353 431 252 783 766 38 1095 749 812 1004 1270 391 80 634 1354 856 747 214 1101 1098 808 685 1094 1339 239 466 
323 : 1338 362 747 1290 365 859 749 442 1341 593 189 879 678 1111 380 643 174 308 76 14 686 1337 766 439 746 948 391 1188 679 1339 703 857 39 858 337 632 434 1008 274 698 748 946 902 1036 441 230 699 878 1362 173 
327 : 1291 1344 163 1346 1345 275 1352 164 566 1347 624 1217 716 1348 357 1300 204 598 712 1219 1196 1239 709 638 33 815 1124 1289 123 1177 1092 1266 707 947 356 1163 683 982 69 1207 415 1323 44 1080 465 232 812 946 1212 715 
331 : 358 959 1364 240 526 651 187 798 376 256 1225 335 996 254 135 960 336 418 527 38 45 327 271 1323 89 1278 872 337 207 1106 461 417 16 1241 610 305 487 671 121 378 458 1281 623 326 315 933 23 21 55 383 
332 : 1172 1145 1171 1126 1133 1132 887 1068 885 938 1125 953 956 761 1037 957 831 739 1070 1071 1118 760 897 1031 1173 891 743 642 769 740 1131 1130 852 1067 1034 744 894 822 926 1122 889 886 1177 1048 853 841 826 1069 741 1128 
333 : 897 885 739 953 743 887 769 1171 1117 886 935 1067 890 1070 744 1145 1126 1051 741 1125 1071 852 831 763 1055 1133 740 1174 1173 1123 957 1122 1034 1172 891 848 937 889 1052 1294 938 847 851 1129 742 841 760 761 936 830 
335 : 1177 888 1178 1176 838 1293 885 1132 769 1070 1133 823 886 642 1116 1173 1130 1146 890 864 858 887 1012 839 1031 1129 31 1045 1359 932 1399 740 1046 822 1121 419 1051 1126 1123 870 1172 760 741 766 95 954 581 1060 841 1015 
336 : 1146 885 769 741 888 1173 887 1116 1038 765 1178 1117 1121 1126 890 1145 1122 1123 642 763 953 31 852 932 938 1067 744 1050 823 1283 23 891 822 105 954 760 382 1175 1176 839 956 1018 928 897 400 842 1177 740 1400 1069 
338 : 1294 1362 831 828 1043 930 1036 848 1042 739 1154 1044 1058 744 1071 451 47 777 428 1054 46 916 1055 833 756 130 1067 351 1068 827 1059 931 470 1038 596 92 1037 764 954 515 1126 830 1360 389 202 866 378 1137 231 936 
339 : 535 1234 1253 25 273 666 482 1205 68 295 456 1204 1198 1311 357 411 170 540 508 707 1238 472 625 574 947 533 294 211 421 997 85 317 516 979 35 44 1391 2 1006 332 536 415 160 1356 985 283 1377 423 1196 1005 
340 : 692 905 175 39 407 958 1269 1156 1225 693 1364 1206 1220 1319 800 1274 904 612 695 1006 345 971 506 636 993 974 694 968 1107 330 665 265 1230 466 1378 216 173 1077 1200 514 808 1352 1267 1271 411 650 212 222 893 492 
347 : 323 983 1395 559 670 666 1002 324 1161 142 1393 1394 1318 438 1213 1151 1305 655 1159 283 1107 37 334 44 2 295 1274 35 1319 369 1204 1263 36 625 629 1143 329 1073 667 84 946 349 523 154 501 1326 994 65 1106 123 
348 : 670 323 559 1395 983 295 1393 1161 1281 1394 655 666 438 1002 283 142 154 36 1213 35 553 979 629 180 1106 354 44 101 1204 1107 369 294 398 324 1263 84 332 1237 1147 554 566 329 493 524 1104 21 1241 20 435 1307 
349 : 1221 208 1222 993 657 228 992 79 1256 1281 710 268 7 73 892 537 447 361 342 971 487 371 269 1367 299 1191 1082 270 809 449 315 660 1107 197 1229 690 53 261 1273 530 536 566 664 1247 663 319 254 604 128 666 
352 : 325 1375 527 16 292 461 4 378 231 1182 458 336 1261 382 376 395 3 585 261 155 457 309 322 1241 339 1275 1149 266 1384 324 1302 1148 375 17 1192 629 23 111 135 1281 1365 540 559 981 433 899 1183 1355 242 1301 
353 : 3 1182 1084 194 292 754 1366 1386 652 559 637 839 378 458 1375 435 1221 653 49 1371 527 1183 1227 528 540 579 489 662 1370 1281 984 388 1056 1225 4 406 966 326 11 115 587 1005 62 133 336 382 610 1301 181 784 
355 : 1130 419 1399 393 400 1048 888 1178 1070 1177 1037 3 1132 1176 862 389 1116 180 863 1293 1398 1359 1387 1400 324 664 1173 4 1008 412 1397 1060 1133 2 838 1050 116 1014 864 15 388 1120 1129 887 1119 1172 915 929 956 894 
356 : 400 1008 1358 1357 1399 1396 419 1359 863 1400 1050 425 31 412 1387 647 864 1398 551 1121 1026 733 1051 895 737 454 839 735 1120 1029 388 915 393 820 392 1031 3 1119 389 1363 1117 1067 180 897 391 1021 736 1013 1042 935 
360 : 1312 1286 317 259 405 175 401 656 1314 1296 575 140 236 1318 139 1316 1157 1009 396 488 1315 283 117 1011 523 572 167 124 85 1298 1230 949 611 26 541 308 456 1299 1313 323 570 110 1374 537 329 983 688 192 1317 123 
365 : 1188 1124 1380 638 226 674 1345 431 416 340 1344 225 650 794 683 1256 708 200 141 279 246 816 796 780 1291 513 235 834 701 368 712 566 215 1352 1349 748 312 713 70 1332 797 792 173 1334 519 213 124 234 791 711 
